Year,Sport,Event,Country,Gender,Medal Rank,Medal,Name of Athlete or Team,Athlete_Age
1924,Bobsled,Men's Four/Five,Switzerland,Men,1,gold,Switzerland-1,
1924,Bobsled,Men's Four/Five,Britain,Men,2,silver,Britain-1,
1924,Bobsled,Men's Four/Five,Belgium,Men,3,bronze,Belgium-1,
1924,Cross-Country Skiing,Men's 18 Kilometers,Norway,Men,1,gold,Thorleif Haug,29
1924,Cross-Country Skiing,Men's 18 Kilometers,Norway,Men,2,silver,Johan Grøttumsbraaten,24
1924,Cross-Country Skiing,Men's 18 Kilometers,Finland,Men,3,bronze,Tapani Niku,28
1924,Cross-Country Skiing,Men's 50 Kilometers,Norway,Men,1,gold,Thorleif Haug,29
1924,Cross-Country Skiing,Men's 50 Kilometers,Norway,Men,2,silver,Thoralf Strømstad,27
1924,Cross-Country Skiing,Men's 50 Kilometers,Norway,Men,3,bronze,Johan Grøttumsbraaten,24
1924,Curling,Men's Curling,Britain,Men,1,gold,Britain,
1924,Curling,Men's Curling,Sweden,Men,2,silver,Sweden,
1924,Curling,Men's Curling,France,Men,3,bronze,France,
1924,Figure Skating,Men's Singles,Sweden,Men,1,gold,Gillis Grafström,30
1924,Figure Skating,Men's Singles,Austria,Men,2,silver,Willy Böckl,30
1924,Figure Skating,Men's Singles,Switzerland,Men,3,bronze,Georges Gautschi,19
1924,Figure Skating,Mixed Pairs,Austria,Mixed,1,gold,Austria,
1924,Figure Skating,Mixed Pairs,Finland,Mixed,2,silver,Finland,
1924,Figure Skating,Mixed Pairs,France,Mixed,3,bronze,France-1,
1924,Figure Skating,Women's Singles,Austria,Women,1,gold,Herma Planck-Szabo,21
1924,Figure Skating,Women's Singles,USA,Women,2,silver,Beatrix Loughran,23
1924,Figure Skating,Women's Singles,Britain,Women,3,bronze,Ethel Muckelt,38
1924,Ice Hockey,Men's Ice Hockey,Canada,Men,1,gold,Canada,
1924,Ice Hockey,Men's Ice Hockey,USA,Men,2,silver,USA,
1924,Ice Hockey,Men's Ice Hockey,Britain,Men,3,bronze,Britain,
1924,Biathlon,Men's Military Ski Patrol,Switzerland,Men,1,gold,Switzerland,
1924,Biathlon,Men's Military Ski Patrol,Finland,Men,2,silver,Finland,
1924,Biathlon,Men's Military Ski Patrol,France,Men,3,bronze,France,
1924,Nordic Combined,Men's Individual,Norway,Men,1,gold,Thorleif Haug,29
1924,Nordic Combined,Men's Individual,Norway,Men,2,silver,Thoralf Strømstad,27
1924,Nordic Combined,Men's Individual,Norway,Men,3,bronze,Johan Grøttumsbraaten,24
1924,Ski Jumping,"Men's Normal Hill, Individual",Norway,Men,1,gold,Jacob Tullin Thams,25
1924,Ski Jumping,"Men's Normal Hill, Individual",Norway,Men,2,silver,Narve Bonna,23
1924,Ski Jumping,"Men's Normal Hill, Individual",USA,Men,3,bronze,Anders Haugen,35
1924,Speedskating,Men's 500 Meters,USA,Men,1,gold,Charley Jewtraw,23
1924,Speedskating,Men's 500 Meters,Norway,Men,2,silver,Oskar Olsen,26
1924,Speedskating,Men's 500 Meters,Norway,Men,3,bronze,Roald Larsen,26
1924,Speedskating,Men's 500 Meters,Finland,Men,3,bronze,Clas Thunberg,30
1924,Speedskating,"Men's 1,500 Meters",Finland,Men,1,gold,Clas Thunberg,30
1924,Speedskating,"Men's 1,500 Meters",Norway,Men,2,silver,Roald Larsen,26
1924,Speedskating,"Men's 1,500 Meters",Norway,Men,3,bronze,Sigurd Moen,26
1924,Speedskating,"Men's 5,000 Meters",Finland,Men,1,gold,Clas Thunberg,30
1924,Speedskating,"Men's 5,000 Meters",Finland,Men,2,silver,Julius Skutnabb,34
1924,Speedskating,"Men's 5,000 Meters",Norway,Men,3,bronze,Roald Larsen,26
1924,Speedskating,"Men's 10,000 Meters",Finland,Men,1,gold,Julius Skutnabb,34
1924,Speedskating,"Men's 10,000 Meters",Finland,Men,2,silver,Clas Thunberg,30
1924,Speedskating,"Men's 10,000 Meters",Norway,Men,3,bronze,Roald Larsen,26
1924,Speedskating,Men's Allround,Finland,Men,1,gold,Clas Thunberg,30
1924,Speedskating,Men's Allround,Norway,Men,2,silver,Roald Larsen,26
1924,Speedskating,Men's Allround,Finland,Men,3,bronze,Julius Skutnabb,34
1928,Bobsled,Men's Four/Five,USA,Men,1,gold,USA-2,
1928,Bobsled,Men's Four/Five,USA,Men,2,silver,USA-1,
1928,Bobsled,Men's Four/Five,Germany,Men,3,bronze,Germany-2,
1928,Cross-Country Skiing,Men's 18 Kilometers,Norway,Men,1,gold,Johan Grøttumsbraaten,28
1928,Cross-Country Skiing,Men's 18 Kilometers,Norway,Men,2,silver,Ole Hegge,29
1928,Cross-Country Skiing,Men's 18 Kilometers,Norway,Men,3,bronze,Reidar Ødegård,26
1928,Cross-Country Skiing,Men's 50 Kilometers,Sweden,Men,1,gold,Per Erik Hedlund,30
1928,Cross-Country Skiing,Men's 50 Kilometers,Sweden,Men,2,silver,Gustaf Jonsson,24
1928,Cross-Country Skiing,Men's 50 Kilometers,Sweden,Men,3,bronze,Volger Andersson,32
1928,Figure Skating,Men's Singles,Sweden,Men,1,gold,Gillis Grafström,34
1928,Figure Skating,Men's Singles,Austria,Men,2,silver,Willy Böckl,35
1928,Figure Skating,Men's Singles,Belgium,Men,3,bronze,Robert Van Zeebroeck,18
1928,Figure Skating,Mixed Pairs,France,Mixed,1,gold,France,
1928,Figure Skating,Mixed Pairs,Austria,Mixed,2,silver,Austria-1,
1928,Figure Skating,Mixed Pairs,Austria,Mixed,3,bronze,Austria-2,
1928,Figure Skating,Women's Singles,Norway,Women,1,gold,Sonja Henie,15
1928,Figure Skating,Women's Singles,Austria,Women,2,silver,Fritzi Burger,17
1928,Figure Skating,Women's Singles,USA,Women,3,bronze,Beatrix Loughran,27
1928,Ice Hockey,Men's Ice Hockey,Canada,Men,1,gold,Canada,
1928,Ice Hockey,Men's Ice Hockey,Sweden,Men,2,silver,Sweden,
1928,Ice Hockey,Men's Ice Hockey,Switzerland,Men,3,bronze,Switzerland,
1928,Nordic Combined,Men's Individual,Norway,Men,1,gold,Johan Grøttumsbraaten,28
1928,Nordic Combined,Men's Individual,Norway,Men,2,silver,Hans Vinjarengen,22
1928,Nordic Combined,Men's Individual,Norway,Men,3,bronze,John Snersrud,25
1928,Skeleton,Men's Skeleton,USA,Men,1,gold,Jennison Heaton,23
1928,Skeleton,Men's Skeleton,USA,Men,2,silver,Jack Heaton,19
1928,Skeleton,Men's Skeleton,Britain,Men,3,bronze,"David, Earl of Northesk",26
1928,Ski Jumping,"Men's Normal Hill, Individual",Norway,Men,1,gold,Alf Andersen,21
1928,Ski Jumping,"Men's Normal Hill, Individual",Norway,Men,2,silver,Sigmund Ruud,20
1928,Ski Jumping,"Men's Normal Hill, Individual",Czechoslovakia,Men,3,bronze,Rudolf Burkert,23
1928,Speedskating,Men's 500 Meters,Norway,Men,1,gold,Bernt Evensen,22
1928,Speedskating,Men's 500 Meters,Finland,Men,1,gold,Clas Thunberg,34
1928,Speedskating,Men's 500 Meters,USA,Men,3,bronze,John O'Neil Farrell,21
1928,Speedskating,Men's 500 Meters,Finland,Men,3,bronze,Jaakko Friman,24
1928,Speedskating,Men's 500 Meters,Norway,Men,3,bronze,Roald Larsen,30
1928,Speedskating,"Men's 1,500 Meters",Finland,Men,1,gold,Clas Thunberg,34
1928,Speedskating,"Men's 1,500 Meters",Norway,Men,2,silver,Bernt Evensen,22
1928,Speedskating,"Men's 1,500 Meters",Norway,Men,3,bronze,Ivar Ballangrud,23
1928,Speedskating,"Men's 5,000 Meters",Norway,Men,1,gold,Ivar Ballangrud,23
1928,Speedskating,"Men's 5,000 Meters",Finland,Men,2,silver,Julius Skutnabb,38
1928,Speedskating,"Men's 5,000 Meters",Norway,Men,3,bronze,Bernt Evensen,22
1932,Bobsled,Men's Two,USA,Men,1,gold,USA-1,
1932,Bobsled,Men's Two,Switzerland,Men,2,silver,Switzerland-2,
1932,Bobsled,Men's Two,USA,Men,3,bronze,USA-2,
1932,Bobsled,Men's Four,USA,Men,1,gold,USA-1,
1932,Bobsled,Men's Four,USA,Men,2,silver,USA-2,
1932,Bobsled,Men's Four,Germany,Men,3,bronze,Germany-1,
1932,Cross-Country Skiing,Men's 18 Kilometers,Sweden,Men,1,gold,Sven Utterström,30
1932,Cross-Country Skiing,Men's 18 Kilometers,Sweden,Men,2,silver,Axel Wikström,24
1932,Cross-Country Skiing,Men's 18 Kilometers,Finland,Men,3,bronze,Veli Saarinen,29
1932,Cross-Country Skiing,Men's 50 Kilometers,Finland,Men,1,gold,Veli Saarinen,29
1932,Cross-Country Skiing,Men's 50 Kilometers,Finland,Men,2,silver,Väinö Liikkanen,28
1932,Cross-Country Skiing,Men's 50 Kilometers,Norway,Men,3,bronze,Arne Rustadstuen,26
1932,Figure Skating,Men's Singles,Austria,Men,1,gold,Karl Schäfer,22
1932,Figure Skating,Men's Singles,Sweden,Men,2,silver,Gillis Grafström,38
1932,Figure Skating,Men's Singles,Canada,Men,3,bronze,Bud Wilson,22
1932,Figure Skating,Mixed Pairs,France,Mixed,1,gold,France,
1932,Figure Skating,Mixed Pairs,USA,Mixed,2,silver,USA-1,
1932,Figure Skating,Mixed Pairs,Hungary,Mixed,3,bronze,Hungary-1,
1932,Figure Skating,Women's Singles,Norway,Women,1,gold,Sonja Henie,19
1932,Figure Skating,Women's Singles,Austria,Women,2,silver,Fritzi Burger,21
1932,Figure Skating,Women's Singles,USA,Women,3,bronze,Maribel Vinson,20
1932,Ice Hockey,Men's Ice Hockey,Canada,Men,1,gold,Canada,
1932,Ice Hockey,Men's Ice Hockey,USA,Men,2,silver,USA,
1932,Ice Hockey,Men's Ice Hockey,Germany,Men,3,bronze,Germany,
1932,Nordic Combined,Men's Individual,Norway,Men,1,gold,Johan Grøttumsbraaten,32
1932,Nordic Combined,Men's Individual,Norway,Men,2,silver,Ole Stenen,28
1932,Nordic Combined,Men's Individual,Norway,Men,3,bronze,Hans Vinjarengen,26
1932,Ski Jumping,"Men's Normal Hill, Individual",Norway,Men,1,gold,Birger Ruud,20
1932,Ski Jumping,"Men's Normal Hill, Individual",Norway,Men,2,silver,Hans Beck,20
1932,Ski Jumping,"Men's Normal Hill, Individual",Norway,Men,3,bronze,Kåre Walberg,19
1932,Speedskating,Men's 500 Meters,USA,Men,1,gold,Jack Shea,21
1932,Speedskating,Men's 500 Meters,Norway,Men,2,silver,Bernt Evensen,26
1932,Speedskating,Men's 500 Meters,Canada,Men,3,bronze,Alex Hurd,21
1932,Speedskating,"Men's 1,500 Meters",USA,Men,1,gold,Jack Shea,21
1932,Speedskating,"Men's 1,500 Meters",Canada,Men,2,silver,Alex Hurd,21
1932,Speedskating,"Men's 1,500 Meters",Canada,Men,3,bronze,Willy Logan,24
1932,Speedskating,"Men's 5,000 Meters",USA,Men,1,gold,Irving Jaffee,25
1932,Speedskating,"Men's 5,000 Meters",USA,Men,2,silver,Eddie Murphy,27
1932,Speedskating,"Men's 5,000 Meters",Canada,Men,3,bronze,Willy Logan,24
1932,Speedskating,"Men's 10,000 Meters",USA,Men,1,gold,Irving Jaffee,25
1932,Speedskating,"Men's 10,000 Meters",Norway,Men,2,silver,Ivar Ballangrud,27
1932,Speedskating,"Men's 10,000 Meters",Canada,Men,3,bronze,Frank Stack,26
1936,Alpine Skiing,Men's Combined,Germany,Men,1,gold,Franz Pfnür,27
1936,Alpine Skiing,Men's Combined,Germany,Men,2,silver,Gustav Lantschner,25
1936,Alpine Skiing,Men's Combined,France,Men,3,bronze,Émile Allais,23
1936,Alpine Skiing,Women's Combined,Germany,Women,1,gold,Christl Cranz,21
1936,Alpine Skiing,Women's Combined,Germany,Women,2,silver,Käthe Grasegger,18
1936,Alpine Skiing,Women's Combined,Norway,Women,3,bronze,Laila Schou Nilsen,16
1936,Bobsled,Men's Two,USA,Men,1,gold,USA-1,
1936,Bobsled,Men's Two,Switzerland,Men,2,silver,Switzerland-2,
1936,Bobsled,Men's Two,USA,Men,3,bronze,USA-2,
1936,Bobsled,Men's Four,Switzerland,Men,1,gold,Switzerland-2,
1936,Bobsled,Men's Four,Switzerland,Men,2,silver,Switzerland-1,
1936,Bobsled,Men's Four,Britain,Men,3,bronze,Britain,
1936,Cross-Country Skiing,Men's 18 Kilometers,Sweden,Men,1,gold,Erik Larsson,23
1936,Cross-Country Skiing,Men's 18 Kilometers,Norway,Men,2,silver,Oddbjørn Hagen,28
1936,Cross-Country Skiing,Men's 18 Kilometers,Finland,Men,3,bronze,Pekka Niemi,26
1936,Cross-Country Skiing,Men's 50 Kilometers,Sweden,Men,1,gold,Elis Wiklund,26
1936,Cross-Country Skiing,Men's 50 Kilometers,Sweden,Men,2,silver,Axel Wikström,28
1936,Cross-Country Skiing,Men's 50 Kilometers,Sweden,Men,3,bronze,Nils Englund,28
1936,Cross-Country Skiing,Men's 4 × 10-Kilometer Relay,Finland,Men,1,gold,Finland,
1936,Cross-Country Skiing,Men's 4 × 10-Kilometer Relay,Norway,Men,2,silver,Norway,
1936,Cross-Country Skiing,Men's 4 × 10-Kilometer Relay,Sweden,Men,3,bronze,Sweden,
1936,Figure Skating,Men's Singles,Austria,Men,1,gold,Karl Schäfer,26
1936,Figure Skating,Men's Singles,Germany,Men,2,silver,Ernst Baier,30
1936,Figure Skating,Men's Singles,Austria,Men,3,bronze,Felix Kaspar,21
1936,Figure Skating,Mixed Pairs,Germany,Mixed,1,gold,Germany-1,
1936,Figure Skating,Mixed Pairs,Austria,Mixed,2,silver,Austria-1,
1936,Figure Skating,Mixed Pairs,Hungary,Mixed,3,bronze,Hungary-1,
1936,Figure Skating,Women's Singles,Norway,Women,1,gold,Sonja Henie,23
1936,Figure Skating,Women's Singles,Britain,Women,2,silver,Cecilia Colledge,15
1936,Figure Skating,Women's Singles,Sweden,Women,3,bronze,Vivi-Anne Hultén,24
1936,Ice Hockey,Men's Ice Hockey,Britain,Men,1,gold,Britain,
1936,Ice Hockey,Men's Ice Hockey,Canada,Men,2,silver,Canada,
1936,Ice Hockey,Men's Ice Hockey,USA,Men,3,bronze,USA,
1936,Nordic Combined,Men's Individual,Norway,Men,1,gold,Oddbjørn Hagen,28
1936,Nordic Combined,Men's Individual,Norway,Men,2,silver,Olaf Hoffsbakken,27
1936,Nordic Combined,Men's Individual,Norway,Men,3,bronze,Sverre Brodahl,27
1936,Ski Jumping,"Men's Normal Hill, Individual",Norway,Men,1,gold,Birger Ruud,24
1936,Ski Jumping,"Men's Normal Hill, Individual",Sweden,Men,2,silver,Sven Eriksson,28
1936,Ski Jumping,"Men's Normal Hill, Individual",Norway,Men,3,bronze,Reidar Andersen,24
1936,Speedskating,Men's 500 Meters,Norway,Men,1,gold,Ivar Ballangrud,31
1936,Speedskating,Men's 500 Meters,Norway,Men,2,silver,Georg Krog,20
1936,Speedskating,Men's 500 Meters,USA,Men,3,bronze,Leo Freisinger,19
1936,Speedskating,"Men's 1,500 Meters",Norway,Men,1,gold,Charles Mathiesen,24
1936,Speedskating,"Men's 1,500 Meters",Norway,Men,2,silver,Ivar Ballangrud,31
1936,Speedskating,"Men's 1,500 Meters",Finland,Men,3,bronze,Birger Wasenius,24
1936,Speedskating,"Men's 5,000 Meters",Norway,Men,1,gold,Ivar Ballangrud,31
1936,Speedskating,"Men's 5,000 Meters",Finland,Men,2,silver,Birger Wasenius,24
1936,Speedskating,"Men's 5,000 Meters",Finland,Men,3,bronze,Antero Ojala,19
1936,Speedskating,"Men's 10,000 Meters",Norway,Men,1,gold,Ivar Ballangrud,31
1936,Speedskating,"Men's 10,000 Meters",Finland,Men,2,silver,Birger Wasenius,24
1936,Speedskating,"Men's 10,000 Meters",Austria,Men,3,bronze,Max Stiepl,21
1948,Alpine Skiing,Men's Downhill,France,Men,1,gold,Henri Oreiller,22
1948,Alpine Skiing,Men's Downhill,Austria,Men,2,silver,Franz Gabl,26
1948,Alpine Skiing,Men's Downhill,Switzerland,Men,3,bronze,Karl Molitor,27
1948,Alpine Skiing,Men's Downhill,Switzerland,Men,3,bronze,Ralph Olinger,23
1948,Alpine Skiing,Men's Slalom,Switzerland,Men,1,gold,Edy Reinalter,27
1948,Alpine Skiing,Men's Slalom,France,Men,2,silver,James Couttet,26
1948,Alpine Skiing,Men's Slalom,France,Men,3,bronze,Henri Oreiller,22
1948,Alpine Skiing,Men's Combined,France,Men,1,gold,Henri Oreiller,22
1948,Alpine Skiing,Men's Combined,Switzerland,Men,2,silver,Karl Molitor,27
1948,Alpine Skiing,Men's Combined,France,Men,3,bronze,James Couttet,26
1948,Alpine Skiing,Women's Downhill,Switzerland,Women,1,gold,Hedy Schlunegger,24
1948,Alpine Skiing,Women's Downhill,Austria,Women,2,silver,Trude Jochum-Beiser,20
1948,Alpine Skiing,Women's Downhill,Austria,Women,3,bronze,Resi Hammerer,22
1948,Alpine Skiing,Women's Slalom,USA,Women,1,gold,Gretchen Fraser,28
1948,Alpine Skiing,Women's Slalom,Switzerland,Women,2,silver,Antoinette Meyer,27
1948,Alpine Skiing,Women's Slalom,Austria,Women,3,bronze,Erika Mahringer,23
1948,Alpine Skiing,Women's Combined,Austria,Women,1,gold,Trude Jochum-Beiser,20
1948,Alpine Skiing,Women's Combined,USA,Women,2,silver,Gretchen Fraser,28
1948,Alpine Skiing,Women's Combined,Austria,Women,3,bronze,Erika Mahringer,23
1948,Bobsled,Men's Two,Switzerland,Men,1,gold,Switzerland-2,
1948,Bobsled,Men's Two,Switzerland,Men,2,silver,Switzerland-1,
1948,Bobsled,Men's Two,USA,Men,3,bronze,USA-2,
1948,Bobsled,Men's Four,USA,Men,1,gold,USA-2,
1948,Bobsled,Men's Four,Belgium,Men,2,silver,Belgium,
1948,Bobsled,Men's Four,USA,Men,3,bronze,USA-1,
1948,Cross-Country Skiing,Men's 18 Kilometers,Sweden,Men,1,gold,Martin Lundström,29
1948,Cross-Country Skiing,Men's 18 Kilometers,Sweden,Men,2,silver,Nils Östensson,29
1948,Cross-Country Skiing,Men's 18 Kilometers,Sweden,Men,3,bronze,Gunnar Eriksson,27
1948,Cross-Country Skiing,Men's 50 Kilometers,Sweden,Men,1,gold,Nils Karlsson,30
1948,Cross-Country Skiing,Men's 50 Kilometers,Sweden,Men,2,silver,Harald Ericson,26
1948,Cross-Country Skiing,Men's 50 Kilometers,Finland,Men,3,bronze,Benjam Vanninen,26
1948,Cross-Country Skiing,Men's 4 × 10-Kilometer Relay,Sweden,Men,1,gold,Sweden,
1948,Cross-Country Skiing,Men's 4 × 10-Kilometer Relay,Finland,Men,2,silver,Finland,
1948,Cross-Country Skiing,Men's 4 × 10-Kilometer Relay,Norway,Men,3,bronze,Norway,
1948,Figure Skating,Men's Singles,USA,Men,1,gold,Dick Button,18
1948,Figure Skating,Men's Singles,Switzerland,Men,2,silver,Hans Gerschwiler,27
1948,Figure Skating,Men's Singles,Austria,Men,3,bronze,Edi Rada,25
1948,Figure Skating,Mixed Pairs,Belgium,Mixed,1,gold,Belgium,
1948,Figure Skating,Mixed Pairs,Hungary,Mixed,2,silver,Hungary-1,
1948,Figure Skating,Mixed Pairs,Canada,Mixed,3,bronze,Canada,
1948,Figure Skating,Women's Singles,Canada,Women,1,gold,Barbara Ann Scott,19
1948,Figure Skating,Women's Singles,Austria,Women,2,silver,Eva Pawlik,20
1948,Figure Skating,Women's Singles,Britain,Women,3,bronze,Jeannette Altwegg,17
1948,Ice Hockey,Men's Ice Hockey,Canada,Men,1,gold,Canada,
1948,Ice Hockey,Men's Ice Hockey,Czechoslovakia,Men,2,silver,Czechoslovakia,
1948,Ice Hockey,Men's Ice Hockey,Switzerland,Men,3,bronze,Switzerland,
1948,Nordic Combined,Men's Individual,Finland,Men,1,gold,Heikki Hasu,21
1948,Nordic Combined,Men's Individual,Finland,Men,2,silver,Martti Huhtala,29
1948,Nordic Combined,Men's Individual,Sweden,Men,3,bronze,Sven Israelsson,28
1948,Skeleton,Men's Skeleton,Italy,Men,1,gold,Nino Bibbia,25
1948,Skeleton,Men's Skeleton,USA,Men,2,silver,Jack Heaton,39
1948,Skeleton,Men's Skeleton,Britain,Men,3,bronze,John Crammond,41
1948,Ski Jumping,"Men's Normal Hill, Individual",Norway,Men,1,gold,Petter Hugsted,26
1948,Ski Jumping,"Men's Normal Hill, Individual",Norway,Men,2,silver,Birger Ruud,36
1948,Ski Jumping,"Men's Normal Hill, Individual",Norway,Men,3,bronze,Thorleif Schjelderup,28
1948,Speedskating,Men's 500 Meters,Norway,Men,1,gold,Finn Helgesen,28
1948,Speedskating,Men's 500 Meters,USA,Men,2,silver,Ken Bartholomew,27
1948,Speedskating,Men's 500 Meters,Norway,Men,2,silver,Thomas Byberg,31
1948,Speedskating,Men's 500 Meters,USA,Men,2,silver,Bobby Fitzgerald,24
1948,Speedskating,"Men's 1,500 Meters",Norway,Men,1,gold,Sverre Farstad,27
1948,Speedskating,"Men's 1,500 Meters",Sweden,Men,2,silver,Åke Seyffarth,28
1948,Speedskating,"Men's 1,500 Meters",Norway,Men,3,bronze,Odd Lundberg,30
1948,Speedskating,"Men's 5,000 Meters",Norway,Men,1,gold,Reidar Liaklev,30
1948,Speedskating,"Men's 5,000 Meters",Norway,Men,2,silver,Odd Lundberg,30
1948,Speedskating,"Men's 5,000 Meters",Sweden,Men,3,bronze,Göthe Hedlund,29
1948,Speedskating,"Men's 10,000 Meters",Sweden,Men,1,gold,Åke Seyffarth,28
1948,Speedskating,"Men's 10,000 Meters",Finland,Men,2,silver,Lassi Parkkinen,30
1948,Speedskating,"Men's 10,000 Meters",Finland,Men,3,bronze,Pentti Lammio,28
1952,Alpine Skiing,Men's Downhill,Italy,Men,1,gold,Zeno Colò,31
1952,Alpine Skiing,Men's Downhill,Austria,Men,2,silver,Othmar Schneider,23
1952,Alpine Skiing,Men's Downhill,Austria,Men,3,bronze,Christian Pravda,24
1952,Alpine Skiing,Men's Giant Slalom,Norway,Men,1,gold,Stein Eriksen,24
1952,Alpine Skiing,Men's Giant Slalom,Austria,Men,2,silver,Christian Pravda,24
1952,Alpine Skiing,Men's Giant Slalom,Austria,Men,3,bronze,Toni Spiß,21
1952,Alpine Skiing,Men's Slalom,Austria,Men,1,gold,Othmar Schneider,23
1952,Alpine Skiing,Men's Slalom,Norway,Men,2,silver,Stein Eriksen,24
1952,Alpine Skiing,Men's Slalom,Norway,Men,3,bronze,Guttorm Berge,22
1952,Alpine Skiing,Women's Downhill,Austria,Women,1,gold,Trude Jochum-Beiser,24
1952,Alpine Skiing,Women's Downhill,Germany,Women,2,silver,Mirl Buchner,27
1952,Alpine Skiing,Women's Downhill,Italy,Women,3,bronze,Giuliana Chenal-Minuzzo,20
1952,Alpine Skiing,Women's Giant Slalom,USA,Women,1,gold,Andrea Mead-Lawrence,19
1952,Alpine Skiing,Women's Giant Slalom,Austria,Women,2,silver,Dagmar Rom,23
1952,Alpine Skiing,Women's Giant Slalom,Germany,Women,3,bronze,Mirl Buchner,27
1952,Alpine Skiing,Women's Slalom,USA,Women,1,gold,Andrea Mead-Lawrence,19
1952,Alpine Skiing,Women's Slalom,Germany,Women,2,silver,Ossi Reichert,26
1952,Alpine Skiing,Women's Slalom,Germany,Women,3,bronze,Mirl Buchner,27
1952,Bobsled,Men's Two,Germany,Men,1,gold,Germany-1,
1952,Bobsled,Men's Two,USA,Men,2,silver,USA-1,
1952,Bobsled,Men's Two,Switzerland,Men,3,bronze,Switzerland-1,
1952,Bobsled,Men's Four,Germany,Men,1,gold,Germany,
1952,Bobsled,Men's Four,USA,Men,2,silver,USA-1,
1952,Bobsled,Men's Four,Switzerland,Men,3,bronze,Switzerland-1,
1952,Cross-Country Skiing,Men's 18 Kilometers,Norway,Men,1,gold,Hallgeir Brenden,23
1952,Cross-Country Skiing,Men's 18 Kilometers,Finland,Men,2,silver,Tapio Mäkelä,25
1952,Cross-Country Skiing,Men's 18 Kilometers,Finland,Men,3,bronze,Paavo Lonkila,29
1952,Cross-Country Skiing,Men's 50 Kilometers,Finland,Men,1,gold,Veikko Hakulinen,27
1952,Cross-Country Skiing,Men's 50 Kilometers,Finland,Men,2,silver,Eero Kolehmainen,33
1952,Cross-Country Skiing,Men's 50 Kilometers,Norway,Men,3,bronze,Magnar Estenstad,27
1952,Cross-Country Skiing,Men's 4 × 10-Kilometer Relay,Finland,Men,1,gold,Finland,
1952,Cross-Country Skiing,Men's 4 × 10-Kilometer Relay,Norway,Men,2,silver,Norway,
1952,Cross-Country Skiing,Men's 4 × 10-Kilometer Relay,Sweden,Men,3,bronze,Sweden,
1952,Cross-Country Skiing,Women's 10 Kilometers,Finland,Women,1,gold,Lydia Wideman,31
1952,Cross-Country Skiing,Women's 10 Kilometers,Finland,Women,2,silver,Mirja Hietamies,21
1952,Cross-Country Skiing,Women's 10 Kilometers,Finland,Women,3,bronze,Siiri Rantanen,27
1952,Figure Skating,Men's Singles,USA,Men,1,gold,Dick Button,22
1952,Figure Skating,Men's Singles,Austria,Men,2,silver,Helmut Seibt,22
1952,Figure Skating,Men's Singles,USA,Men,3,bronze,Jim Grogan,20
1952,Figure Skating,Mixed Pairs,Germany,Mixed,1,gold,Germany-1,
1952,Figure Skating,Mixed Pairs,USA,Mixed,2,silver,USA-1,
1952,Figure Skating,Mixed Pairs,Hungary,Mixed,3,bronze,Hungary-1,
1952,Figure Skating,Women's Singles,Britain,Women,1,gold,Jeannette Altwegg,21
1952,Figure Skating,Women's Singles,USA,Women,2,silver,Tenley Albright,16
1952,Figure Skating,Women's Singles,France,Women,3,bronze,Jacqueline du Bief,21
1952,Ice Hockey,Men's Ice Hockey,Canada,Men,1,gold,Canada,
1952,Ice Hockey,Men's Ice Hockey,USA,Men,2,silver,USA,
1952,Ice Hockey,Men's Ice Hockey,Sweden,Men,3,bronze,Sweden,
1952,Nordic Combined,Men's Individual,Norway,Men,1,gold,Simon Slåttvik,34
1952,Nordic Combined,Men's Individual,Finland,Men,2,silver,Heikki Hasu,25
1952,Nordic Combined,Men's Individual,Norway,Men,3,bronze,Sverre Stenersen,25
1952,Ski Jumping,"Men's Normal Hill, Individual",Norway,Men,1,gold,Arnfinn Bergmann,23
1952,Ski Jumping,"Men's Normal Hill, Individual",Norway,Men,2,silver,Torbjørn Falkanger,24
1952,Ski Jumping,"Men's Normal Hill, Individual",Sweden,Men,3,bronze,Karl Holmström,26
1952,Speedskating,Men's 500 Meters,USA,Men,1,gold,Ken Henry,23
1952,Speedskating,Men's 500 Meters,USA,Men,2,silver,Don McDermott,22
1952,Speedskating,Men's 500 Meters,Canada,Men,3,bronze,Gordon Audley,23
1952,Speedskating,Men's 500 Meters,Norway,Men,3,bronze,Arne Johansen,24
1952,Speedskating,"Men's 1,500 Meters",Norway,Men,1,gold,Hjalmar Andersen,28
1952,Speedskating,"Men's 1,500 Meters",Netherlands,Men,2,silver,Wim van der Voort,28
1952,Speedskating,"Men's 1,500 Meters",Norway,Men,3,bronze,Roald Aas,23
1952,Speedskating,"Men's 5,000 Meters",Norway,Men,1,gold,Hjalmar Andersen,28
1952,Speedskating,"Men's 5,000 Meters",Netherlands,Men,2,silver,Kees Broekman,24
1952,Speedskating,"Men's 5,000 Meters",Norway,Men,3,bronze,Sverre Haugli,26
1952,Speedskating,"Men's 10,000 Meters",Norway,Men,1,gold,Hjalmar Andersen,28
1952,Speedskating,"Men's 10,000 Meters",Netherlands,Men,2,silver,Kees Broekman,24
1952,Speedskating,"Men's 10,000 Meters",Sweden,Men,3,bronze,Carl-Erik Asplund,28
1956,Alpine Skiing,Men's Downhill,Austria,Men,1,gold,Toni Sailer,20
1956,Alpine Skiing,Men's Downhill,Switzerland,Men,2,silver,Raymond Fellay,24
1956,Alpine Skiing,Men's Downhill,Austria,Men,3,bronze,Anderl Molterer,24
1956,Alpine Skiing,Men's Giant Slalom,Austria,Men,1,gold,Toni Sailer,20
1956,Alpine Skiing,Men's Giant Slalom,Austria,Men,2,silver,Anderl Molterer,24
1956,Alpine Skiing,Men's Giant Slalom,Austria,Men,3,bronze,Walter Schuster,26
1956,Alpine Skiing,Men's Slalom,Austria,Men,1,gold,Toni Sailer,20
1956,Alpine Skiing,Men's Slalom,Japan,Men,2,silver,Chiharu Igaya,24
1956,Alpine Skiing,Men's Slalom,Sweden,Men,3,bronze,Stig Sollander,29
1956,Alpine Skiing,Women's Downhill,Switzerland,Women,1,gold,Madeleine Chamot-Berthod,24
1956,Alpine Skiing,Women's Downhill,Switzerland,Women,2,silver,Frieda Dänzer,24
1956,Alpine Skiing,Women's Downhill,Canada,Women,3,bronze,Lucile Wheeler,21
1956,Alpine Skiing,Women's Giant Slalom,Germany,Women,1,gold,Ossi Reichert,30
1956,Alpine Skiing,Women's Giant Slalom,Austria,Women,2,silver,Putzi Frandl,25
1956,Alpine Skiing,Women's Giant Slalom,Austria,Women,3,bronze,Thea Hochleitner,30
1956,Alpine Skiing,Women's Slalom,Switzerland,Women,1,gold,Renée Colliard,22
1956,Alpine Skiing,Women's Slalom,Austria,Women,2,silver,Regina Schöpf,20
1956,Alpine Skiing,Women's Slalom,Soviet Union,Women,3,bronze,Yevgeniya Kabina-Sidorova,25
1956,Bobsled,Men's Two,Italy,Men,1,gold,Italy-1,
1956,Bobsled,Men's Two,Italy,Men,2,silver,Italy-2,
1956,Bobsled,Men's Two,Switzerland,Men,3,bronze,Switzerland-1,
1956,Bobsled,Men's Four,Switzerland,Men,1,gold,Switzerland-1,
1956,Bobsled,Men's Four,Italy,Men,2,silver,Italy-2,
1956,Bobsled,Men's Four,USA,Men,3,bronze,USA-1,
1956,Cross-Country Skiing,Men's 15 Kilometers,Norway,Men,1,gold,Hallgeir Brenden,26
1956,Cross-Country Skiing,Men's 15 Kilometers,Sweden,Men,2,silver,Sixten Jernberg,26
1956,Cross-Country Skiing,Men's 15 Kilometers,Soviet Union,Men,3,bronze,Pavel Kolchin,26
1956,Cross-Country Skiing,Men's 30 Kilometers,Finland,Men,1,gold,Veikko Hakulinen,31
1956,Cross-Country Skiing,Men's 30 Kilometers,Sweden,Men,2,silver,Sixten Jernberg,26
1956,Cross-Country Skiing,Men's 30 Kilometers,Soviet Union,Men,3,bronze,Pavel Kolchin,26
1956,Cross-Country Skiing,Men's 50 Kilometers,Sweden,Men,1,gold,Sixten Jernberg,26
1956,Cross-Country Skiing,Men's 50 Kilometers,Finland,Men,2,silver,Veikko Hakulinen,31
1956,Cross-Country Skiing,Men's 50 Kilometers,Soviet Union,Men,3,bronze,Fyodor Terentyev,30
1956,Cross-Country Skiing,Men's 4 × 10-Kilometer Relay,Soviet Union,Men,1,gold,Soviet Union,
1956,Cross-Country Skiing,Men's 4 × 10-Kilometer Relay,Finland,Men,2,silver,Finland,
1956,Cross-Country Skiing,Men's 4 × 10-Kilometer Relay,Sweden,Men,3,bronze,Sweden,
1956,Cross-Country Skiing,Women's 10 Kilometers,Soviet Union,Women,1,gold,Lyubov Kozyreva-Baranova,26
1956,Cross-Country Skiing,Women's 10 Kilometers,Soviet Union,Women,2,silver,Radiya Yeroshina,25
1956,Cross-Country Skiing,Women's 10 Kilometers,Sweden,Women,3,bronze,Sonja Edström-Ruthström,25
1956,Cross-Country Skiing,Women's 3 × 5-Kilometer Relay,Finland,Women,1,gold,Finland,
1956,Cross-Country Skiing,Women's 3 × 5-Kilometer Relay,Soviet Union,Women,2,silver,Soviet Union,
1956,Cross-Country Skiing,Women's 3 × 5-Kilometer Relay,Sweden,Women,3,bronze,Sweden,
1956,Figure Skating,Men's Singles,USA,Men,1,gold,Hayes Alan Jenkins,22
1956,Figure Skating,Men's Singles,USA,Men,2,silver,Ronnie Robertson,18
1956,Figure Skating,Men's Singles,USA,Men,3,bronze,David Jenkins,19
1956,Figure Skating,Mixed Pairs,Austria,Mixed,1,gold,Austria-1,
1956,Figure Skating,Mixed Pairs,Canada,Mixed,2,silver,Canada-1,
1956,Figure Skating,Mixed Pairs,Hungary,Mixed,3,bronze,Hungary,
1956,Figure Skating,Women's Singles,USA,Women,1,gold,Tenley Albright,20
1956,Figure Skating,Women's Singles,USA,Women,2,silver,Carol Heiss,16
1956,Figure Skating,Women's Singles,Austria,Women,3,bronze,Ingrid Wendl,15
1956,Ice Hockey,Men's Ice Hockey,Soviet Union,Men,1,gold,Soviet Union,
1956,Ice Hockey,Men's Ice Hockey,USA,Men,2,silver,USA,
1956,Ice Hockey,Men's Ice Hockey,Canada,Men,3,bronze,Canada,
1956,Nordic Combined,Men's Individual,Norway,Men,1,gold,Sverre Stenersen,29
1956,Nordic Combined,Men's Individual,Sweden,Men,2,silver,Bengt Eriksson,25
1956,Nordic Combined,Men's Individual,Poland,Men,3,bronze,Franciszek Gąsienica Groń,24
1956,Ski Jumping,"Men's Normal Hill, Individual",Finland,Men,1,gold,Antti Hyvärinen,23
1956,Ski Jumping,"Men's Normal Hill, Individual",Finland,Men,2,silver,Aulis Kallakorpi,27
1956,Ski Jumping,"Men's Normal Hill, Individual",Germany,Men,3,bronze,Harry Glaß,25
1956,Speedskating,Men's 500 Meters,Soviet Union,Men,1,gold,Yevgeny Grishin,24
1956,Speedskating,Men's 500 Meters,Soviet Union,Men,2,silver,Rafael Grach,23
1956,Speedskating,Men's 500 Meters,Norway,Men,3,bronze,Alv Gjestvang,18
1956,Speedskating,"Men's 1,500 Meters",Soviet Union,Men,1,gold,Yevgeny Grishin,24
1956,Speedskating,"Men's 1,500 Meters",Soviet Union,Men,1,gold,Yury Mikhaylov,25
1956,Speedskating,"Men's 1,500 Meters",Finland,Men,3,bronze,Toivo Salonen,22
1956,Speedskating,"Men's 5,000 Meters",Soviet Union,Men,1,gold,Boris Shilkov,28
1956,Speedskating,"Men's 5,000 Meters",Sweden,Men,2,silver,Sigvard Ericsson,25
1956,Speedskating,"Men's 5,000 Meters",Soviet Union,Men,3,bronze,Oleg Goncharenko,24
1956,Speedskating,"Men's 10,000 Meters",Sweden,Men,1,gold,Sigvard Ericsson,25
1956,Speedskating,"Men's 10,000 Meters",Norway,Men,2,silver,Knut Johannesen,22
1956,Speedskating,"Men's 10,000 Meters",Soviet Union,Men,3,bronze,Oleg Goncharenko,24
1960,Alpine Skiing,Men's Downhill,France,Men,1,gold,Jean Vuarnet,22
1960,Alpine Skiing,Men's Downhill,Germany,Men,2,silver,Hans Peter Lanig,24
1960,Alpine Skiing,Men's Downhill,France,Men,3,bronze,Guy Périllat,19
1960,Alpine Skiing,Men's Giant Slalom,Switzerland,Men,1,gold,Roger Staub,23
1960,Alpine Skiing,Men's Giant Slalom,Austria,Men,2,silver,Pepi Stiegler,22
1960,Alpine Skiing,Men's Giant Slalom,Austria,Men,3,bronze,Ernst Hinterseer,27
1960,Alpine Skiing,Men's Slalom,Austria,Men,1,gold,Ernst Hinterseer,27
1960,Alpine Skiing,Men's Slalom,Austria,Men,2,silver,Hias Leitner,24
1960,Alpine Skiing,Men's Slalom,France,Men,3,bronze,Charles Bozon,27
1960,Alpine Skiing,Women's Downhill,Germany,Women,1,gold,Heidi Biebl,19
1960,Alpine Skiing,Women's Downhill,USA,Women,2,silver,Penny Pitou,21
1960,Alpine Skiing,Women's Downhill,Austria,Women,3,bronze,Traudl Hecher,16
1960,Alpine Skiing,Women's Giant Slalom,Switzerland,Women,1,gold,Yvonne Rüegg,28
1960,Alpine Skiing,Women's Giant Slalom,USA,Women,2,silver,Penny Pitou,21
1960,Alpine Skiing,Women's Giant Slalom,Italy,Women,3,bronze,Giuliana Chenal-Minuzzo,28
1960,Alpine Skiing,Women's Slalom,Canada,Women,1,gold,Anne Heggtveit,21
1960,Alpine Skiing,Women's Slalom,USA,Women,2,silver,Betsy Snite,21
1960,Alpine Skiing,Women's Slalom,Germany,Women,3,bronze,Barbi Henneberger,19
1960,Biathlon,Men's 20 Kilometers,Sweden,Men,1,gold,Klas Lestander,28
1960,Biathlon,Men's 20 Kilometers,Finland,Men,2,silver,Antti Tyrväinen,26
1960,Biathlon,Men's 20 Kilometers,Soviet Union,Men,3,bronze,Aleksandr Privalov,26
1960,Cross-Country Skiing,Men's 15 Kilometers,Norway,Men,1,gold,Håkon Brusveen,32
1960,Cross-Country Skiing,Men's 15 Kilometers,Sweden,Men,2,silver,Sixten Jernberg,31
1960,Cross-Country Skiing,Men's 15 Kilometers,Finland,Men,3,bronze,Veikko Hakulinen,35
1960,Cross-Country Skiing,Men's 30 Kilometers,Sweden,Men,1,gold,Sixten Jernberg,31
1960,Cross-Country Skiing,Men's 30 Kilometers,Sweden,Men,2,silver,Rolf Rämgård,25
1960,Cross-Country Skiing,Men's 30 Kilometers,Soviet Union,Men,3,bronze,Nikolay Anikin,28
1960,Cross-Country Skiing,Men's 50 Kilometers,Finland,Men,1,gold,Kalevi Hämäläinen,27
1960,Cross-Country Skiing,Men's 50 Kilometers,Finland,Men,2,silver,Veikko Hakulinen,35
1960,Cross-Country Skiing,Men's 50 Kilometers,Sweden,Men,3,bronze,Rolf Rämgård,25
1960,Cross-Country Skiing,Men's 4 × 10-Kilometer Relay,Finland,Men,1,gold,Finland,
1960,Cross-Country Skiing,Men's 4 × 10-Kilometer Relay,Norway,Men,2,silver,Norway,
1960,Cross-Country Skiing,Men's 4 × 10-Kilometer Relay,Soviet Union,Men,3,bronze,Soviet Union,
1960,Cross-Country Skiing,Women's 10 Kilometers,Soviet Union,Women,1,gold,Mariya Gusakova,29
1960,Cross-Country Skiing,Women's 10 Kilometers,Soviet Union,Women,2,silver,Lyubov Kozyreva-Baranova,30
1960,Cross-Country Skiing,Women's 10 Kilometers,Soviet Union,Women,3,bronze,Radiya Yeroshina,29
1960,Cross-Country Skiing,Women's 3 × 5-Kilometer Relay,Sweden,Women,1,gold,Sweden,
1960,Cross-Country Skiing,Women's 3 × 5-Kilometer Relay,Soviet Union,Women,2,silver,Soviet Union,
1960,Cross-Country Skiing,Women's 3 × 5-Kilometer Relay,Finland,Women,3,bronze,Finland,
1960,Figure Skating,Men's Singles,USA,Men,1,gold,David Jenkins,23
1960,Figure Skating,Men's Singles,Czechoslovakia,Men,2,silver,Karol Divín,23
1960,Figure Skating,Men's Singles,Canada,Men,3,bronze,Don Jackson,19
1960,Figure Skating,Mixed Pairs,Canada,Mixed,1,gold,Canada-1,
1960,Figure Skating,Mixed Pairs,Germany,Mixed,2,silver,Germany-1,
1960,Figure Skating,Mixed Pairs,USA,Mixed,3,bronze,USA-1,
1960,Figure Skating,Women's Singles,USA,Women,1,gold,Carol Heiss,20
1960,Figure Skating,Women's Singles,Netherlands,Women,2,silver,Sjoukje Dijkstra,18
1960,Figure Skating,Women's Singles,USA,Women,3,bronze,Barbara Ann Roles,18
1960,Ice Hockey,Men's Ice Hockey,USA,Men,1,gold,USA,
1960,Ice Hockey,Men's Ice Hockey,Canada,Men,2,silver,Canada,
1960,Ice Hockey,Men's Ice Hockey,Soviet Union,Men,3,bronze,Soviet Union,
1960,Nordic Combined,Men's Individual,Germany,Men,1,gold,Georg Thoma,22
1960,Nordic Combined,Men's Individual,Norway,Men,2,silver,Tormod Knutsen,28
1960,Nordic Combined,Men's Individual,Soviet Union,Men,3,bronze,Nikolay Gusakov,25
1960,Ski Jumping,"Men's Normal Hill, Individual",Germany,Men,1,gold,Helmut Recknagel,22
1960,Ski Jumping,"Men's Normal Hill, Individual",Finland,Men,2,silver,Niilo Halonen,19
1960,Ski Jumping,"Men's Normal Hill, Individual",Austria,Men,3,bronze,Otto Leodolter,23
1960,Speedskating,Men's 500 Meters,Soviet Union,Men,1,gold,Yevgeny Grishin,28
1960,Speedskating,Men's 500 Meters,USA,Men,2,silver,Bill Disney,27
1960,Speedskating,Men's 500 Meters,Soviet Union,Men,3,bronze,Rafael Grach,27
1960,Speedskating,"Men's 1,500 Meters",Norway,Men,1,gold,Roald Aas,31
1960,Speedskating,"Men's 1,500 Meters",Soviet Union,Men,1,gold,Yevgeny Grishin,28
1960,Speedskating,"Men's 1,500 Meters",Soviet Union,Men,3,bronze,Boris Stenin,25
1960,Speedskating,"Men's 5,000 Meters",Soviet Union,Men,1,gold,Viktor Kosichkin,21
1960,Speedskating,"Men's 5,000 Meters",Norway,Men,2,silver,Knut Johannesen,26
1960,Speedskating,"Men's 5,000 Meters",Netherlands,Men,3,bronze,Jan Pesman,28
1960,Speedskating,"Men's 10,000 Meters",Norway,Men,1,gold,Knut Johannesen,26
1960,Speedskating,"Men's 10,000 Meters",Soviet Union,Men,2,silver,Viktor Kosichkin,21
1960,Speedskating,"Men's 10,000 Meters",Sweden,Men,3,bronze,Kjell Bäckman,25
1960,Speedskating,Women's 500 Meters,Germany,Women,1,gold,Helga Haase,25
1960,Speedskating,Women's 500 Meters,Soviet Union,Women,2,silver,Nataliya Donchenko,27
1960,Speedskating,Women's 500 Meters,USA,Women,3,bronze,Jeanne Ashworth,21
1960,Speedskating,"Women's 1,000 Meters",Soviet Union,Women,1,gold,Klara Guseva-Nesterova,22
1960,Speedskating,"Women's 1,000 Meters",Germany,Women,2,silver,Helga Haase,25
1960,Speedskating,"Women's 1,000 Meters",Soviet Union,Women,3,bronze,Tamara Rylova,28
1960,Speedskating,"Women's 1,500 Meters",Soviet Union,Women,1,gold,Lidiya Skoblikova,20
1960,Speedskating,"Women's 1,500 Meters",Poland,Women,2,silver,Elwira Seroczyńska,28
1960,Speedskating,"Women's 1,500 Meters",Poland,Women,3,bronze,Helena Pilejczyk,28
1960,Speedskating,"Women's 3,000 Meters",Soviet Union,Women,1,gold,Lidiya Skoblikova,20
1960,Speedskating,"Women's 3,000 Meters",Soviet Union,Women,2,silver,Valentina Stenina,25
1960,Speedskating,"Women's 3,000 Meters",Finland,Women,3,bronze,Eevi Huttunen,37
1964,Alpine Skiing,Men's Downhill,Austria,Men,1,gold,Egon Zimmermann,24
1964,Alpine Skiing,Men's Downhill,France,Men,2,silver,Léo Lacroix,26
1964,Alpine Skiing,Men's Downhill,Germany,Men,3,bronze,Wolfgang Bartels,23
1964,Alpine Skiing,Men's Giant Slalom,France,Men,1,gold,François Bonlieu,26
1964,Alpine Skiing,Men's Giant Slalom,Austria,Men,2,silver,Karl Schranz,25
1964,Alpine Skiing,Men's Giant Slalom,Austria,Men,3,bronze,Pepi Stiegler,26
1964,Alpine Skiing,Men's Slalom,Austria,Men,1,gold,Pepi Stiegler,26
1964,Alpine Skiing,Men's Slalom,USA,Men,2,silver,Billy Kidd,20
1964,Alpine Skiing,Men's Slalom,USA,Men,3,bronze,Jimmy Heuga,20
1964,Alpine Skiing,Women's Downhill,Austria,Women,1,gold,Christl Haas,20
1964,Alpine Skiing,Women's Downhill,Austria,Women,2,silver,Edith Zimmermann,22
1964,Alpine Skiing,Women's Downhill,Austria,Women,3,bronze,Traudl Hecher,20
1964,Alpine Skiing,Women's Giant Slalom,France,Women,1,gold,Marielle Goitschel,18
1964,Alpine Skiing,Women's Giant Slalom,France,Women,2,silver,Christine Goitschel,19
1964,Alpine Skiing,Women's Giant Slalom,USA,Women,2,silver,Jean Saubert,21
1964,Alpine Skiing,Women's Slalom,France,Women,1,gold,Christine Goitschel,19
1964,Alpine Skiing,Women's Slalom,France,Women,2,silver,Marielle Goitschel,18
1964,Alpine Skiing,Women's Slalom,USA,Women,3,bronze,Jean Saubert,21
1964,Biathlon,Men's 20 Kilometers,Soviet Union,Men,1,gold,Vladimir Melanin,30
1964,Biathlon,Men's 20 Kilometers,Soviet Union,Men,2,silver,Aleksandr Privalov,30
1964,Biathlon,Men's 20 Kilometers,Norway,Men,3,bronze,Olav Jordet,24
1964,Bobsled,Men's Two,Britain,Men,1,gold,Britain-1,
1964,Bobsled,Men's Two,Italy,Men,2,silver,Italy-2,
1964,Bobsled,Men's Two,Italy,Men,3,bronze,Italy-1,
1964,Bobsled,Men's Four,Canada,Men,1,gold,Canada-1,
1964,Bobsled,Men's Four,Austria,Men,2,silver,Austria-1,
1964,Bobsled,Men's Four,Italy,Men,3,bronze,Italy-2,
1964,Cross-Country Skiing,Men's 15 Kilometers,Finland,Men,1,gold,Eero Mäntyranta,26
1964,Cross-Country Skiing,Men's 15 Kilometers,Norway,Men,2,silver,Harald Grønningen,29
1964,Cross-Country Skiing,Men's 15 Kilometers,Sweden,Men,3,bronze,Sixten Jernberg,34
1964,Cross-Country Skiing,Men's 30 Kilometers,Finland,Men,1,gold,Eero Mäntyranta,26
1964,Cross-Country Skiing,Men's 30 Kilometers,Norway,Men,2,silver,Harald Grønningen,29
1964,Cross-Country Skiing,Men's 30 Kilometers,Soviet Union,Men,3,bronze,Igor Voronchikhin,25
1964,Cross-Country Skiing,Men's 50 Kilometers,Sweden,Men,1,gold,Sixten Jernberg,34
1964,Cross-Country Skiing,Men's 50 Kilometers,Sweden,Men,2,silver,Assar Rönnlund,28
1964,Cross-Country Skiing,Men's 50 Kilometers,Finland,Men,3,bronze,Arto Tiainen,33
1964,Cross-Country Skiing,Men's 4 × 10-Kilometer Relay,Sweden,Men,1,gold,Sweden,
1964,Cross-Country Skiing,Men's 4 × 10-Kilometer Relay,Finland,Men,2,silver,Finland,
1964,Cross-Country Skiing,Men's 4 × 10-Kilometer Relay,Soviet Union,Men,3,bronze,Soviet Union,
1964,Cross-Country Skiing,Women's 5 Kilometers,Soviet Union,Women,1,gold,Klavdiya Boyarskikh,24
1964,Cross-Country Skiing,Women's 5 Kilometers,Finland,Women,2,silver,Mirja Lehtonen,21
1964,Cross-Country Skiing,Women's 5 Kilometers,Soviet Union,Women,3,bronze,Alevtina Kolchina,33
1964,Cross-Country Skiing,Women's 10 Kilometers,Soviet Union,Women,1,gold,Klavdiya Boyarskikh,24
1964,Cross-Country Skiing,Women's 10 Kilometers,Soviet Union,Women,2,silver,Yevdokiya Mekshilo,32
1964,Cross-Country Skiing,Women's 10 Kilometers,Soviet Union,Women,3,bronze,Mariya Gusakova,32
1964,Cross-Country Skiing,Women's 3 × 5-Kilometer Relay,Soviet Union,Women,1,gold,Soviet Union,
1964,Cross-Country Skiing,Women's 3 × 5-Kilometer Relay,Sweden,Women,2,silver,Sweden,
1964,Cross-Country Skiing,Women's 3 × 5-Kilometer Relay,Finland,Women,3,bronze,Finland,
1964,Figure Skating,Men's Singles,Germany,Men,1,gold,Manfred Schnelldorfer,20
1964,Figure Skating,Men's Singles,France,Men,2,silver,Alain Calmat,23
1964,Figure Skating,Men's Singles,USA,Men,3,bronze,Scotty Allen,14
1964,Figure Skating,Mixed Pairs,Soviet Union,Mixed,1,gold,Soviet Union-1,
1964,Figure Skating,Mixed Pairs,Germany,Mixed,2,silver,Germany-1,
1964,Figure Skating,Women's Singles,Netherlands,Women,1,gold,Sjoukje Dijkstra,21
1964,Figure Skating,Women's Singles,Austria,Women,2,silver,Regine Heitzer,19
1964,Figure Skating,Women's Singles,Canada,Women,3,bronze,Petra Burka,17
1964,Ice Hockey,Men's Ice Hockey,Soviet Union,Men,1,gold,Soviet Union,
1964,Ice Hockey,Men's Ice Hockey,Sweden,Men,2,silver,Sweden,
1964,Ice Hockey,Men's Ice Hockey,Czechoslovakia,Men,3,bronze,Czechoslovakia,
1964,Luge,Men's Singles,Germany,Men,1,gold,Thomas Köhler,23
1964,Luge,Men's Singles,Germany,Men,2,silver,Klaus-Michael Bonsack,22
1964,Luge,Men's Singles,Germany,Men,3,bronze,Hans Plenk,25
1964,Luge,Men's Doubles,Austria,Men,1,gold,Austria-1,
1964,Luge,Men's Doubles,Austria,Men,2,silver,Austria-2,
1964,Luge,Men's Doubles,Italy,Men,3,bronze,Italy-1,
1964,Luge,Women's Singles,Germany,Women,1,gold,Ortrun Enderlein,20
1964,Luge,Women's Singles,Germany,Women,2,silver,Ilse Geisler,23
1964,Luge,Women's Singles,Austria,Women,3,bronze,Leni Thurner,25
1964,Nordic Combined,Men's Individual,Norway,Men,1,gold,Tormod Knutsen,32
1964,Nordic Combined,Men's Individual,Soviet Union,Men,2,silver,Nikolay Kiselyov,24
1964,Nordic Combined,Men's Individual,Germany,Men,3,bronze,Georg Thoma,26
1964,Ski Jumping,"Men's Normal Hill, Individual",Finland,Men,1,gold,Veikko Kankkonen,24
1964,Ski Jumping,"Men's Normal Hill, Individual",Norway,Men,2,silver,Toralf Engan,27
1964,Ski Jumping,"Men's Normal Hill, Individual",Norway,Men,3,bronze,Torgeir Brandtzæg,22
1964,Ski Jumping,"Men's Large Hill, Individual",Norway,Men,1,gold,Toralf Engan,27
1964,Ski Jumping,"Men's Large Hill, Individual",Finland,Men,2,silver,Veikko Kankkonen,24
1964,Ski Jumping,"Men's Large Hill, Individual",Norway,Men,3,bronze,Torgeir Brandtzæg,22
1964,Speedskating,Men's 500 Meters,USA,Men,1,gold,Terry McDermott,23
1964,Speedskating,Men's 500 Meters,Norway,Men,2,silver,Alv Gjestvang,26
1964,Speedskating,Men's 500 Meters,Soviet Union,Men,2,silver,Yevgeny Grishin,32
1964,Speedskating,Men's 500 Meters,Soviet Union,Men,2,silver,Vladimir Orlov,25
1964,Speedskating,"Men's 1,500 Meters",Soviet Union,Men,1,gold,Ants Antson,25
1964,Speedskating,"Men's 1,500 Meters",Netherlands,Men,2,silver,Kees Verkerk,21
1964,Speedskating,"Men's 1,500 Meters",Norway,Men,3,bronze,Villy Haugen,19
1964,Speedskating,"Men's 5,000 Meters",Norway,Men,1,gold,Knut Johannesen,30
1964,Speedskating,"Men's 5,000 Meters",Norway,Men,2,silver,Per Ivar Moe,19
1964,Speedskating,"Men's 5,000 Meters",Norway,Men,3,bronze,Fred Anton Maier,25
1964,Speedskating,"Men's 10,000 Meters",Sweden,Men,1,gold,Jonny Nilsson,20
1964,Speedskating,"Men's 10,000 Meters",Norway,Men,2,silver,Fred Anton Maier,25
1964,Speedskating,"Men's 10,000 Meters",Norway,Men,3,bronze,Knut Johannesen,30
1964,Speedskating,Women's 500 Meters,Soviet Union,Women,1,gold,Lidiya Skoblikova,24
1964,Speedskating,Women's 500 Meters,Soviet Union,Women,2,silver,Irina Yegorova,23
1964,Speedskating,Women's 500 Meters,Soviet Union,Women,3,bronze,Tatyana Sidorova,27
1964,Speedskating,"Women's 1,000 Meters",Soviet Union,Women,1,gold,Lidiya Skoblikova,24
1964,Speedskating,"Women's 1,000 Meters",Soviet Union,Women,2,silver,Irina Yegorova,23
1964,Speedskating,"Women's 1,000 Meters",Finland,Women,3,bronze,Kaija Mustonen,22
1964,Speedskating,"Women's 1,500 Meters",Soviet Union,Women,1,gold,Lidiya Skoblikova,24
1964,Speedskating,"Women's 1,500 Meters",Finland,Women,2,silver,Kaija Mustonen,22
1964,Speedskating,"Women's 1,500 Meters",Soviet Union,Women,3,bronze,Berta Kolokoltseva,26
1964,Speedskating,"Women's 3,000 Meters",Soviet Union,Women,1,gold,Lidiya Skoblikova,24
1964,Speedskating,"Women's 3,000 Meters",North Korea,Women,2,silver,Han Pil-Hwa,22
1964,Speedskating,"Women's 3,000 Meters",Soviet Union,Women,2,silver,Valentina Stenina,29
1968,Alpine Skiing,Men's Downhill,France,Men,1,gold,Jean-Claude Killy,24
1968,Alpine Skiing,Men's Downhill,France,Men,2,silver,Guy Périllat,27
1968,Alpine Skiing,Men's Downhill,Switzerland,Men,3,bronze,Jean-Daniel Dätwyler,22
1968,Alpine Skiing,Men's Giant Slalom,France,Men,1,gold,Jean-Claude Killy,24
1968,Alpine Skiing,Men's Giant Slalom,Switzerland,Men,2,silver,Willy Favre,24
1968,Alpine Skiing,Men's Giant Slalom,Austria,Men,3,bronze,Heini Messner,28
1968,Alpine Skiing,Men's Slalom,France,Men,1,gold,Jean-Claude Killy,24
1968,Alpine Skiing,Men's Slalom,Austria,Men,2,silver,Herbert Huber,23
1968,Alpine Skiing,Men's Slalom,Austria,Men,3,bronze,Alfred Matt,19
1968,Alpine Skiing,Women's Downhill,Austria,Women,1,gold,Olga Pall,21
1968,Alpine Skiing,Women's Downhill,France,Women,2,silver,Isabelle Mir,18
1968,Alpine Skiing,Women's Downhill,Austria,Women,3,bronze,Christl Haas,24
1968,Alpine Skiing,Women's Giant Slalom,Canada,Women,1,gold,Nancy Greene,24
1968,Alpine Skiing,Women's Giant Slalom,France,Women,2,silver,Annie Famose,23
1968,Alpine Skiing,Women's Giant Slalom,Switzerland,Women,3,bronze,Fernande Bochatay,22
1968,Alpine Skiing,Women's Slalom,France,Women,1,gold,Marielle Goitschel,22
1968,Alpine Skiing,Women's Slalom,Canada,Women,2,silver,Nancy Greene,24
1968,Alpine Skiing,Women's Slalom,France,Women,3,bronze,Annie Famose,23
1968,Biathlon,Men's 20 Kilometers,Norway,Men,1,gold,Magnar Solberg,31
1968,Biathlon,Men's 20 Kilometers,Soviet Union,Men,2,silver,Aleksandr Tikhonov,21
1968,Biathlon,Men's 20 Kilometers,Soviet Union,Men,3,bronze,Vladimir Gundartsev,23
1968,Biathlon,Men's 4 × 7.5-Kilometer Relay,Soviet Union,Men,1,gold,Soviet Union,
1968,Biathlon,Men's 4 × 7.5-Kilometer Relay,Norway,Men,2,silver,Norway,
1968,Biathlon,Men's 4 × 7.5-Kilometer Relay,Sweden,Men,3,bronze,Sweden,
1968,Bobsled,Men's Two,Italy,Men,1,gold,Italy-1,
1968,Bobsled,Men's Two,West Germany,Men,2,silver,West Germany-1,
1968,Bobsled,Men's Two,Romania,Men,3,bronze,Romania-1,
1968,Bobsled,Men's Four,Italy,Men,1,gold,Italy-1,
1968,Bobsled,Men's Four,Austria,Men,2,silver,Austria-1,
1968,Bobsled,Men's Four,Switzerland,Men,3,bronze,Switzerland-1,
1968,Cross-Country Skiing,Men's 15 Kilometers,Norway,Men,1,gold,Harald Grønningen,33
1968,Cross-Country Skiing,Men's 15 Kilometers,Finland,Men,2,silver,Eero Mäntyranta,30
1968,Cross-Country Skiing,Men's 15 Kilometers,Sweden,Men,3,bronze,Gunnar Larsson,23
1968,Cross-Country Skiing,Men's 30 Kilometers,Italy,Men,1,gold,Franco Nones,27
1968,Cross-Country Skiing,Men's 30 Kilometers,Norway,Men,2,silver,Odd Martinsen,25
1968,Cross-Country Skiing,Men's 30 Kilometers,Finland,Men,3,bronze,Eero Mäntyranta,30
1968,Cross-Country Skiing,Men's 50 Kilometers,Norway,Men,1,gold,Ole Ellefsæter,28
1968,Cross-Country Skiing,Men's 50 Kilometers,Soviet Union,Men,2,silver,Vyacheslav Vedenin,26
1968,Cross-Country Skiing,Men's 50 Kilometers,Switzerland,Men,3,bronze,Josef Haas,30
1968,Cross-Country Skiing,Men's 4 × 10-Kilometer Relay,Norway,Men,1,gold,Norway,
1968,Cross-Country Skiing,Men's 4 × 10-Kilometer Relay,Sweden,Men,2,silver,Sweden,
1968,Cross-Country Skiing,Men's 4 × 10-Kilometer Relay,Finland,Men,3,bronze,Finland,
1968,Cross-Country Skiing,Women's 5 Kilometers,Sweden,Women,1,gold,Toini Gustafsson,30
1968,Cross-Country Skiing,Women's 5 Kilometers,Soviet Union,Women,2,silver,Galina Kulakova,25
1968,Cross-Country Skiing,Women's 5 Kilometers,Soviet Union,Women,3,bronze,Alevtina Kolchina,37
1968,Cross-Country Skiing,Women's 10 Kilometers,Sweden,Women,1,gold,Toini Gustafsson,30
1968,Cross-Country Skiing,Women's 10 Kilometers,Norway,Women,2,silver,Berit Mørdre-Lammedal,27
1968,Cross-Country Skiing,Women's 10 Kilometers,Norway,Women,3,bronze,Inger Aufles,26
1968,Cross-Country Skiing,Women's 3 × 5-Kilometer Relay,Norway,Women,1,gold,Norway,
1968,Cross-Country Skiing,Women's 3 × 5-Kilometer Relay,Sweden,Women,2,silver,Sweden,
1968,Cross-Country Skiing,Women's 3 × 5-Kilometer Relay,Soviet Union,Women,3,bronze,Soviet Union,
1968,Figure Skating,Men's Singles,Austria,Men,1,gold,Wolfgang Schwarz,20
1968,Figure Skating,Men's Singles,USA,Men,2,silver,Tim Wood,19
1968,Figure Skating,Men's Singles,France,Men,3,bronze,Patrick Pera,19
1968,Figure Skating,Mixed Pairs,Soviet Union,Mixed,1,gold,Soviet Union-1,
1968,Figure Skating,Mixed Pairs,Soviet Union,Mixed,2,silver,Soviet Union-2,
1968,Figure Skating,Mixed Pairs,West Germany,Mixed,3,bronze,West Germany-1,
1968,Figure Skating,Women's Singles,USA,Women,1,gold,Peggy Fleming,19
1968,Figure Skating,Women's Singles,East Germany,Women,2,silver,Gabriele Seyfert,19
1968,Figure Skating,Women's Singles,Czechoslovakia,Women,3,bronze,Hana Mašková,18
1968,Ice Hockey,Men's Ice Hockey,Soviet Union,Men,1,gold,Soviet Union,
1968,Ice Hockey,Men's Ice Hockey,Czechoslovakia,Men,2,silver,Czechoslovakia,
1968,Ice Hockey,Men's Ice Hockey,Canada,Men,3,bronze,Canada,
1968,Luge,Men's Singles,Austria,Men,1,gold,Manfred Schmid,23
1968,Luge,Men's Singles,East Germany,Men,2,silver,Thomas Köhler,27
1968,Luge,Men's Singles,East Germany,Men,3,bronze,Klaus-Michael Bonsack,26
1968,Luge,Men's Doubles,East Germany,Men,1,gold,East Germany-1,
1968,Luge,Men's Doubles,Austria,Men,2,silver,Austria-1,
1968,Luge,Men's Doubles,West Germany,Men,3,bronze,West Germany-1,
1968,Luge,Women's Singles,Italy,Women,1,gold,Erika Lechner,20
1968,Luge,Women's Singles,West Germany,Women,2,silver,Christa Schmuck,24
1968,Luge,Women's Singles,West Germany,Women,3,bronze,Angelika Dünhaupt,21
1968,Nordic Combined,Men's Individual,West Germany,Men,1,gold,Franz Keller,23
1968,Nordic Combined,Men's Individual,Switzerland,Men,2,silver,Alois Kälin,28
1968,Nordic Combined,Men's Individual,East Germany,Men,3,bronze,Andreas Kunz,21
1968,Ski Jumping,"Men's Normal Hill, Individual",Czechoslovakia,Men,1,gold,Jiří Raška,27
1968,Ski Jumping,"Men's Normal Hill, Individual",Austria,Men,2,silver,Reinhold Bachler,23
1968,Ski Jumping,"Men's Normal Hill, Individual",Austria,Men,3,bronze,Baldur Preiml,28
1968,Ski Jumping,"Men's Large Hill, Individual",Soviet Union,Men,1,gold,Vladimir Belousov,21
1968,Ski Jumping,"Men's Large Hill, Individual",Czechoslovakia,Men,2,silver,Jiří Raška,27
1968,Ski Jumping,"Men's Large Hill, Individual",Norway,Men,3,bronze,Lars Grini,23
1968,Speedskating,Men's 500 Meters,West Germany,Men,1,gold,Erhard Keller,23
1968,Speedskating,Men's 500 Meters,USA,Men,2,silver,Terry McDermott,27
1968,Speedskating,Men's 500 Meters,Norway,Men,2,silver,Magne Thomassen,26
1968,Speedskating,"Men's 1,500 Meters",Netherlands,Men,1,gold,Kees Verkerk,25
1968,Speedskating,"Men's 1,500 Meters",Norway,Men,2,silver,Ivar Eriksen,25
1968,Speedskating,"Men's 1,500 Meters",Netherlands,Men,2,silver,Ard Schenk,23
1968,Speedskating,"Men's 5,000 Meters",Norway,Men,1,gold,Fred Anton Maier,29
1968,Speedskating,"Men's 5,000 Meters",Netherlands,Men,2,silver,Kees Verkerk,25
1968,Speedskating,"Men's 5,000 Meters",Netherlands,Men,3,bronze,Peter Nottet,23
1968,Speedskating,"Men's 10,000 Meters",Sweden,Men,1,gold,Johnny Höglin,24
1968,Speedskating,"Men's 10,000 Meters",Norway,Men,2,silver,Fred Anton Maier,29
1968,Speedskating,"Men's 10,000 Meters",Sweden,Men,3,bronze,Örjan Sandler,27
1968,Speedskating,Women's 500 Meters,Soviet Union,Women,1,gold,Lyudmila Titova,21
1968,Speedskating,Women's 500 Meters,USA,Women,2,silver,Jenny Fish,18
1968,Speedskating,Women's 500 Meters,USA,Women,2,silver,Dianne Holum,16
1968,Speedskating,Women's 500 Meters,USA,Women,2,silver,Mary Meyers,21
1968,Speedskating,"Women's 1,000 Meters",Netherlands,Women,1,gold,Carry Geijssen,21
1968,Speedskating,"Women's 1,000 Meters",Soviet Union,Women,2,silver,Lyudmila Titova,21
1968,Speedskating,"Women's 1,000 Meters",USA,Women,3,bronze,Dianne Holum,16
1968,Speedskating,"Women's 1,500 Meters",Finland,Women,1,gold,Kaija Mustonen,26
1968,Speedskating,"Women's 1,500 Meters",Netherlands,Women,2,silver,Carry Geijssen,21
1968,Speedskating,"Women's 1,500 Meters",Netherlands,Women,3,bronze,Stien Baas-Kaiser,29
1968,Speedskating,"Women's 3,000 Meters",Netherlands,Women,1,gold,Ans Schut,23
1968,Speedskating,"Women's 3,000 Meters",Finland,Women,2,silver,Kaija Mustonen,26
1968,Speedskating,"Women's 3,000 Meters",Netherlands,Women,3,bronze,Stien Baas-Kaiser,29
1972,Alpine Skiing,Men's Downhill,Switzerland,Men,1,gold,Bernhard Russi,23
1972,Alpine Skiing,Men's Downhill,Switzerland,Men,2,silver,Roland Collombin,20
1972,Alpine Skiing,Men's Downhill,Austria,Men,3,bronze,Heini Messner,32
1972,Alpine Skiing,Men's Giant Slalom,Italy,Men,1,gold,Gustavo Thoeni,20
1972,Alpine Skiing,Men's Giant Slalom,Switzerland,Men,2,silver,Edy Bruggmann,28
1972,Alpine Skiing,Men's Giant Slalom,Switzerland,Men,3,bronze,Werner Mattle,22
1972,Alpine Skiing,Men's Slalom,Spain,Men,1,gold,Francisco Fernández Ochoa,21
1972,Alpine Skiing,Men's Slalom,Italy,Men,2,silver,Gustavo Thoeni,20
1972,Alpine Skiing,Men's Slalom,Italy,Men,3,bronze,Rolando Thoeni,21
1972,Alpine Skiing,Women's Downhill,Switzerland,Women,1,gold,Marie-Theres Nadig,17
1972,Alpine Skiing,Women's Downhill,Austria,Women,2,silver,Annemarie Moser-Pröll,18
1972,Alpine Skiing,Women's Downhill,USA,Women,3,bronze,Susie Corrock,20
1972,Alpine Skiing,Women's Giant Slalom,Switzerland,Women,1,gold,Marie-Theres Nadig,17
1972,Alpine Skiing,Women's Giant Slalom,Austria,Women,2,silver,Annemarie Moser-Pröll,18
1972,Alpine Skiing,Women's Giant Slalom,Austria,Women,3,bronze,Wiltrud Drexel,21
1972,Alpine Skiing,Women's Slalom,USA,Women,1,gold,Barbara Cochran,21
1972,Alpine Skiing,Women's Slalom,France,Women,2,silver,Danièle Debernard,17
1972,Alpine Skiing,Women's Slalom,France,Women,3,bronze,Florence Steurer,22
1972,Biathlon,Men's 20 Kilometers,Norway,Men,1,gold,Magnar Solberg,34
1972,Biathlon,Men's 20 Kilometers,East Germany,Men,2,silver,Hansjörg Knauthe,27
1972,Biathlon,Men's 20 Kilometers,Sweden,Men,3,bronze,Lars-Göran Arwidson,25
1972,Biathlon,Men's 4 × 7.5-Kilometer Relay,Soviet Union,Men,1,gold,Soviet Union,
1972,Biathlon,Men's 4 × 7.5-Kilometer Relay,Finland,Men,2,silver,Finland,
1972,Biathlon,Men's 4 × 7.5-Kilometer Relay,East Germany,Men,3,bronze,East Germany,
1972,Bobsled,Men's Two,West Germany,Men,1,gold,West Germany-2,
1972,Bobsled,Men's Two,West Germany,Men,2,silver,West Germany-1,
1972,Bobsled,Men's Two,Switzerland,Men,3,bronze,Switzerland-1,
1972,Bobsled,Men's Four,Switzerland,Men,1,gold,Switzerland-1,
1972,Bobsled,Men's Four,Italy,Men,2,silver,Italy-1,
1972,Bobsled,Men's Four,West Germany,Men,3,bronze,West Germany-1,
1972,Cross-Country Skiing,Men's 15 Kilometers,Sweden,Men,1,gold,Sven-Åke Lundbäck,24
1972,Cross-Country Skiing,Men's 15 Kilometers,Soviet Union,Men,2,silver,Fyodor Simashov,26
1972,Cross-Country Skiing,Men's 15 Kilometers,Norway,Men,3,bronze,Ivar Formo,20
1972,Cross-Country Skiing,Men's 30 Kilometers,Soviet Union,Men,1,gold,Vyacheslav Vedenin,30
1972,Cross-Country Skiing,Men's 30 Kilometers,Norway,Men,2,silver,Pål Tyldum,29
1972,Cross-Country Skiing,Men's 30 Kilometers,Norway,Men,3,bronze,Johs Harviken,28
1972,Cross-Country Skiing,Men's 50 Kilometers,Norway,Men,1,gold,Pål Tyldum,29
1972,Cross-Country Skiing,Men's 50 Kilometers,Norway,Men,2,silver,Magne Myrmo,28
1972,Cross-Country Skiing,Men's 50 Kilometers,Soviet Union,Men,3,bronze,Vyacheslav Vedenin,30
1972,Cross-Country Skiing,Men's 4 × 10-Kilometer Relay,Soviet Union,Men,1,gold,Soviet Union,
1972,Cross-Country Skiing,Men's 4 × 10-Kilometer Relay,Norway,Men,2,silver,Norway,
1972,Cross-Country Skiing,Men's 4 × 10-Kilometer Relay,Switzerland,Men,3,bronze,Switzerland,
1972,Cross-Country Skiing,Women's 5 Kilometers,Soviet Union,Women,1,gold,Galina Kulakova,29
1972,Cross-Country Skiing,Women's 5 Kilometers,Finland,Women,2,silver,Marjatta Kajosmaa,34
1972,Cross-Country Skiing,Women's 5 Kilometers,Czechoslovakia,Women,3,bronze,Helena Šikolová,22
1972,Cross-Country Skiing,Women's 10 Kilometers,Soviet Union,Women,1,gold,Galina Kulakova,29
1972,Cross-Country Skiing,Women's 10 Kilometers,Soviet Union,Women,2,silver,Alevtina Olyunina-Smirnova,29
1972,Cross-Country Skiing,Women's 10 Kilometers,Finland,Women,3,bronze,Marjatta Kajosmaa,34
1972,Cross-Country Skiing,Women's 3 × 5-Kilometer Relay,Soviet Union,Women,1,gold,Soviet Union,
1972,Cross-Country Skiing,Women's 3 × 5-Kilometer Relay,Finland,Women,2,silver,Finland,
1972,Cross-Country Skiing,Women's 3 × 5-Kilometer Relay,Norway,Women,3,bronze,Norway,
1972,Figure Skating,Men's Singles,Czechoslovakia,Men,1,gold,Ondrej Nepela,21
1972,Figure Skating,Men's Singles,Soviet Union,Men,2,silver,Sergey Chetverukhin,26
1972,Figure Skating,Men's Singles,France,Men,3,bronze,Patrick Pera,23
1972,Figure Skating,Mixed Pairs,Soviet Union,Mixed,1,gold,Soviet Union-1,
1972,Figure Skating,Mixed Pairs,Soviet Union,Mixed,2,silver,Soviet Union-2,
1972,Figure Skating,Mixed Pairs,East Germany,Mixed,3,bronze,East Germany-1,
1972,Figure Skating,Women's Singles,Austria,Women,1,gold,Trixi Schuba,20
1972,Figure Skating,Women's Singles,Canada,Women,2,silver,Karen Magnussen,19
1972,Figure Skating,Women's Singles,USA,Women,3,bronze,Janet Lynn,18
1972,Ice Hockey,Men's Ice Hockey,Soviet Union,Men,1,gold,Soviet Union,
1972,Ice Hockey,Men's Ice Hockey,USA,Men,2,silver,USA,
1972,Ice Hockey,Men's Ice Hockey,Czechoslovakia,Men,3,bronze,Czechoslovakia,
1972,Luge,Men's Singles,East Germany,Men,1,gold,Wolfgang Scheidel,28
1972,Luge,Men's Singles,East Germany,Men,2,silver,Harald Ehrig,22
1972,Luge,Men's Singles,East Germany,Men,3,bronze,Wolfram Fiedler,20
1972,Luge,Men's Doubles,Italy,Men,1,gold,Italy-1,
1972,Luge,Men's Doubles,East Germany,Men,1,gold,East Germany-1,
1972,Luge,Men's Doubles,East Germany,Men,3,bronze,East Germany-2,
1972,Luge,Women's Singles,East Germany,Women,1,gold,Anna-Maria Müller,22
1972,Luge,Women's Singles,East Germany,Women,2,silver,Ute Rührold,17
1972,Luge,Women's Singles,East Germany,Women,3,bronze,Margit Schumann,19
1972,Nordic Combined,Men's Individual,East Germany,Men,1,gold,Ulrich Wehling,19
1972,Nordic Combined,Men's Individual,Finland,Men,2,silver,Rauno Miettinen,22
1972,Nordic Combined,Men's Individual,East Germany,Men,3,bronze,Karl-Heinz Luck,27
1972,Ski Jumping,"Men's Normal Hill, Individual",Japan,Men,1,gold,Yukio Kasaya,28
1972,Ski Jumping,"Men's Normal Hill, Individual",Japan,Men,2,silver,Akitsugu Konno,27
1972,Ski Jumping,"Men's Normal Hill, Individual",Japan,Men,3,bronze,Seiji Aochi,29
1972,Ski Jumping,"Men's Large Hill, Individual",Poland,Men,1,gold,Wojciech Fortuna,19
1972,Ski Jumping,"Men's Large Hill, Individual",Switzerland,Men,2,silver,Walter Steiner,20
1972,Ski Jumping,"Men's Large Hill, Individual",East Germany,Men,3,bronze,Rainer Schmidt,23
1972,Speedskating,Men's 500 Meters,West Germany,Men,1,gold,Erhard Keller,27
1972,Speedskating,Men's 500 Meters,Sweden,Men,2,silver,Hasse Börjes,24
1972,Speedskating,Men's 500 Meters,Soviet Union,Men,3,bronze,Valery Muratov,25
1972,Speedskating,"Men's 1,500 Meters",Netherlands,Men,1,gold,Ard Schenk,27
1972,Speedskating,"Men's 1,500 Meters",Norway,Men,2,silver,Roar Grønvold,25
1972,Speedskating,"Men's 1,500 Meters",Sweden,Men,3,bronze,Göran Claeson,26
1972,Speedskating,"Men's 5,000 Meters",Netherlands,Men,1,gold,Ard Schenk,27
1972,Speedskating,"Men's 5,000 Meters",Norway,Men,2,silver,Roar Grønvold,25
1972,Speedskating,"Men's 5,000 Meters",Norway,Men,3,bronze,Sten Stensen,24
1972,Speedskating,"Men's 10,000 Meters",Netherlands,Men,1,gold,Ard Schenk,27
1972,Speedskating,"Men's 10,000 Meters",Netherlands,Men,2,silver,Kees Verkerk,29
1972,Speedskating,"Men's 10,000 Meters",Norway,Men,3,bronze,Sten Stensen,24
1972,Speedskating,Women's 500 Meters,USA,Women,1,gold,Anne Henning,16
1972,Speedskating,Women's 500 Meters,Soviet Union,Women,2,silver,Vera Krasnova,21
1972,Speedskating,Women's 500 Meters,Soviet Union,Women,3,bronze,Lyudmila Titova,25
1972,Speedskating,"Women's 1,000 Meters",West Germany,Women,1,gold,Monika Gawenus-Holzner-Pflug,17
1972,Speedskating,"Women's 1,000 Meters",Netherlands,Women,2,silver,Atje Keulen-Deelstra,33
1972,Speedskating,"Women's 1,000 Meters",USA,Women,3,bronze,Anne Henning,16
1972,Speedskating,"Women's 1,500 Meters",USA,Women,1,gold,Dianne Holum,20
1972,Speedskating,"Women's 1,500 Meters",Netherlands,Women,2,silver,Stien Baas-Kaiser,33
1972,Speedskating,"Women's 1,500 Meters",Netherlands,Women,3,bronze,Atje Keulen-Deelstra,33
1972,Speedskating,"Women's 3,000 Meters",Netherlands,Women,1,gold,Stien Baas-Kaiser,33
1972,Speedskating,"Women's 3,000 Meters",USA,Women,2,silver,Dianne Holum,20
1972,Speedskating,"Women's 3,000 Meters",Netherlands,Women,3,bronze,Atje Keulen-Deelstra,33
1976,Alpine Skiing,Men's Downhill,Austria,Men,1,gold,Franz Klammer,22
1976,Alpine Skiing,Men's Downhill,Switzerland,Men,2,silver,Bernhard Russi,27
1976,Alpine Skiing,Men's Downhill,Italy,Men,3,bronze,Herbert Plank,21
1976,Alpine Skiing,Men's Giant Slalom,Switzerland,Men,1,gold,Heini Hemmi,27
1976,Alpine Skiing,Men's Giant Slalom,Switzerland,Men,2,silver,Ernst Good,26
1976,Alpine Skiing,Men's Giant Slalom,Sweden,Men,3,bronze,Ingemar Stenmark,19
1976,Alpine Skiing,Men's Slalom,Italy,Men,1,gold,Piero Gros,21
1976,Alpine Skiing,Men's Slalom,Italy,Men,2,silver,Gustavo Thoeni,24
1976,Alpine Skiing,Men's Slalom,Liechtenstein,Men,3,bronze,Willi Frommelt,23
1976,Alpine Skiing,Women's Downhill,West Germany,Women,1,gold,Rosi Mittermaier,25
1976,Alpine Skiing,Women's Downhill,Austria,Women,2,silver,Brigitte Totschnig,21
1976,Alpine Skiing,Women's Downhill,USA,Women,3,bronze,Cindy Nelson,20
1976,Alpine Skiing,Women's Giant Slalom,Canada,Women,1,gold,Kathy Kreiner,18
1976,Alpine Skiing,Women's Giant Slalom,West Germany,Women,2,silver,Rosi Mittermaier,25
1976,Alpine Skiing,Women's Giant Slalom,France,Women,3,bronze,Danièle Debernard,21
1976,Alpine Skiing,Women's Slalom,West Germany,Women,1,gold,Rosi Mittermaier,25
1976,Alpine Skiing,Women's Slalom,Italy,Women,2,silver,Claudia Giordani,20
1976,Alpine Skiing,Women's Slalom,Liechtenstein,Women,3,bronze,Hanni Wenzel,19
1976,Biathlon,Men's 20 Kilometers,Soviet Union,Men,1,gold,Nikolay Kruglov,26
1976,Biathlon,Men's 20 Kilometers,Finland,Men,2,silver,Heikki Ikola,28
1976,Biathlon,Men's 20 Kilometers,Soviet Union,Men,3,bronze,Aleksandr Yelizarov,23
1976,Biathlon,Men's 4 × 7.5-Kilometer Relay,Soviet Union,Men,1,gold,Soviet Union,
1976,Biathlon,Men's 4 × 7.5-Kilometer Relay,Finland,Men,2,silver,Finland,
1976,Biathlon,Men's 4 × 7.5-Kilometer Relay,East Germany,Men,3,bronze,East Germany,
1976,Bobsled,Men's Two,East Germany,Men,1,gold,East Germany-2,
1976,Bobsled,Men's Two,West Germany,Men,2,silver,West Germany-1,
1976,Bobsled,Men's Two,Switzerland,Men,3,bronze,Switzerland-1,
1976,Bobsled,Men's Four,East Germany,Men,1,gold,East Germany-1,
1976,Bobsled,Men's Four,Switzerland,Men,2,silver,Switzerland-2,
1976,Bobsled,Men's Four,West Germany,Men,3,bronze,West Germany-1,
1976,Cross-Country Skiing,Men's 15 Kilometers,Soviet Union,Men,1,gold,Nikolay Bazhukov,22
1976,Cross-Country Skiing,Men's 15 Kilometers,Soviet Union,Men,2,silver,Yevgeny Belyayev,21
1976,Cross-Country Skiing,Men's 15 Kilometers,Finland,Men,3,bronze,Arto Koivisto,28
1976,Cross-Country Skiing,Men's 30 Kilometers,Soviet Union,Men,1,gold,Sergey Savelyev,27
1976,Cross-Country Skiing,Men's 30 Kilometers,USA,Men,2,silver,Bill Koch,20
1976,Cross-Country Skiing,Men's 30 Kilometers,Soviet Union,Men,3,bronze,Ivan Garanin,30
1976,Cross-Country Skiing,Men's 50 Kilometers,Norway,Men,1,gold,Ivar Formo,24
1976,Cross-Country Skiing,Men's 50 Kilometers,East Germany,Men,2,silver,Gert-Dietmar Klause,30
1976,Cross-Country Skiing,Men's 50 Kilometers,Sweden,Men,3,bronze,Benny Södergren,27
1976,Cross-Country Skiing,Men's 4 × 10-Kilometer Relay,Finland,Men,1,gold,Finland,
1976,Cross-Country Skiing,Men's 4 × 10-Kilometer Relay,Norway,Men,2,silver,Norway,
1976,Cross-Country Skiing,Men's 4 × 10-Kilometer Relay,Soviet Union,Men,3,bronze,Soviet Union,
1976,Cross-Country Skiing,Women's 5 Kilometers,Finland,Women,1,gold,Helena Kivioja-Takalo,28
1976,Cross-Country Skiing,Women's 5 Kilometers,Soviet Union,Women,2,silver,Raisa Smetanina,23
1976,Cross-Country Skiing,Women's 5 Kilometers,Soviet Union,Women,3,bronze,Nina Fyodorova-Baldycheva,28
1976,Cross-Country Skiing,Women's 10 Kilometers,Soviet Union,Women,1,gold,Raisa Smetanina,23
1976,Cross-Country Skiing,Women's 10 Kilometers,Finland,Women,2,silver,Helena Kivioja-Takalo,28
1976,Cross-Country Skiing,Women's 10 Kilometers,Soviet Union,Women,3,bronze,Galina Kulakova,33
1976,Cross-Country Skiing,Women's 4 × 5-Kilometer Relay,Soviet Union,Women,1,gold,Soviet Union,
1976,Cross-Country Skiing,Women's 4 × 5-Kilometer Relay,Finland,Women,2,silver,Finland,
1976,Cross-Country Skiing,Women's 4 × 5-Kilometer Relay,East Germany,Women,3,bronze,East Germany,
1976,Figure Skating,Men's Singles,Britain,Men,1,gold,John Curry,26
1976,Figure Skating,Men's Singles,Soviet Union,Men,2,silver,Vladimir Kovalyov,23
1976,Figure Skating,Men's Singles,Canada,Men,3,bronze,Toller Cranston,26
1976,Figure Skating,Mixed Pairs,Soviet Union,Mixed,1,gold,Soviet Union-1,
1976,Figure Skating,Mixed Pairs,East Germany,Mixed,2,silver,East Germany-1,
1976,Figure Skating,Mixed Pairs,East Germany,Mixed,3,bronze,East Germany-2,
1976,Figure Skating,Mixed Ice Dancing,Soviet Union,Mixed,1,gold,Soviet Union-1,
1976,Figure Skating,Mixed Ice Dancing,Soviet Union,Mixed,2,silver,Soviet Union-2,
1976,Figure Skating,Mixed Ice Dancing,USA,Mixed,3,bronze,USA-1,
1976,Figure Skating,Women's Singles,USA,Women,1,gold,Dorothy Hamill,19
1976,Figure Skating,Women's Singles,Netherlands,Women,2,silver,Dianne de Leeuw,20
1976,Figure Skating,Women's Singles,East Germany,Women,3,bronze,Christine Errath,19
1976,Ice Hockey,Men's Ice Hockey,Soviet Union,Men,1,gold,Soviet Union,
1976,Ice Hockey,Men's Ice Hockey,Czechoslovakia,Men,2,silver,Czechoslovakia,
1976,Ice Hockey,Men's Ice Hockey,West Germany,Men,3,bronze,West Germany,
1976,Luge,Men's Singles,East Germany,Men,1,gold,Dettlef Günther,21
1976,Luge,Men's Singles,West Germany,Men,2,silver,Josef Fendt,28
1976,Luge,Men's Singles,East Germany,Men,3,bronze,Hans Rinn,22
1976,Luge,Men's Doubles,East Germany,Men,1,gold,East Germany-1,
1976,Luge,Men's Doubles,West Germany,Men,2,silver,West Germany-1,
1976,Luge,Men's Doubles,Austria,Men,3,bronze,Austria-1,
1976,Luge,Women's Singles,East Germany,Women,1,gold,Margit Schumann,23
1976,Luge,Women's Singles,East Germany,Women,2,silver,Ute Rührold,21
1976,Luge,Women's Singles,West Germany,Women,3,bronze,Elisabeth Demleitner,23
1976,Nordic Combined,Men's Individual,East Germany,Men,1,gold,Ulrich Wehling,23
1976,Nordic Combined,Men's Individual,West Germany,Men,2,silver,Urban Hettich,22
1976,Nordic Combined,Men's Individual,East Germany,Men,3,bronze,Konrad Winkler,20
1976,Ski Jumping,"Men's Normal Hill, Individual",East Germany,Men,1,gold,Hans-Georg Aschenbach,24
1976,Ski Jumping,"Men's Normal Hill, Individual",East Germany,Men,2,silver,Jochen Danneberg,22
1976,Ski Jumping,"Men's Normal Hill, Individual",Austria,Men,3,bronze,Karl Schnabl,21
1976,Ski Jumping,"Men's Large Hill, Individual",Austria,Men,1,gold,Karl Schnabl,21
1976,Ski Jumping,"Men's Large Hill, Individual",Austria,Men,2,silver,Toni Innauer,17
1976,Ski Jumping,"Men's Large Hill, Individual",East Germany,Men,3,bronze,Henry Glaß,22
1976,Speedskating,Men's 500 Meters,Soviet Union,Men,1,gold,Yevgeny Kulikov,25
1976,Speedskating,Men's 500 Meters,Soviet Union,Men,2,silver,Valery Muratov,29
1976,Speedskating,Men's 500 Meters,USA,Men,3,bronze,Dan Immerfall,20
1976,Speedskating,"Men's 1,000 Meters",USA,Men,1,gold,Peter Mueller,21
1976,Speedskating,"Men's 1,000 Meters",Norway,Men,2,silver,Jørn Didriksen,22
1976,Speedskating,"Men's 1,000 Meters",Soviet Union,Men,3,bronze,Valery Muratov,29
1976,Speedskating,"Men's 1,500 Meters",Norway,Men,1,gold,Jan Egil Storholt,26
1976,Speedskating,"Men's 1,500 Meters",Soviet Union,Men,2,silver,Yury Kondakov,24
1976,Speedskating,"Men's 1,500 Meters",Netherlands,Men,3,bronze,Hans van Helden,27
1976,Speedskating,"Men's 5,000 Meters",Norway,Men,1,gold,Sten Stensen,28
1976,Speedskating,"Men's 5,000 Meters",Netherlands,Men,2,silver,Piet Kleine,24
1976,Speedskating,"Men's 5,000 Meters",Netherlands,Men,3,bronze,Hans van Helden,27
1976,Speedskating,"Men's 10,000 Meters",Netherlands,Men,1,gold,Piet Kleine,24
1976,Speedskating,"Men's 10,000 Meters",Norway,Men,2,silver,Sten Stensen,28
1976,Speedskating,"Men's 10,000 Meters",Netherlands,Men,3,bronze,Hans van Helden,27
1976,Speedskating,Women's 500 Meters,USA,Women,1,gold,Sheila Young,25
1976,Speedskating,Women's 500 Meters,Canada,Women,2,silver,Cathy Priestner,19
1976,Speedskating,Women's 500 Meters,Soviet Union,Women,3,bronze,Tatyana Averina-Barabash,25
1976,Speedskating,"Women's 1,000 Meters",Soviet Union,Women,1,gold,Tatyana Averina-Barabash,25
1976,Speedskating,"Women's 1,000 Meters",USA,Women,2,silver,Leah Poulos-Mueller,24
1976,Speedskating,"Women's 1,000 Meters",USA,Women,3,bronze,Sheila Young,25
1976,Speedskating,"Women's 1,500 Meters",Soviet Union,Women,1,gold,Galina Stepanskaya,27
1976,Speedskating,"Women's 1,500 Meters",USA,Women,2,silver,Sheila Young,25
1976,Speedskating,"Women's 1,500 Meters",Soviet Union,Women,3,bronze,Tatyana Averina-Barabash,25
1976,Speedskating,"Women's 3,000 Meters",Soviet Union,Women,1,gold,Tatyana Averina-Barabash,25
1976,Speedskating,"Women's 3,000 Meters",East Germany,Women,2,silver,Andrea Ehrig-Schöne-Mitscherlich,15
1976,Speedskating,"Women's 3,000 Meters",Norway,Women,3,bronze,Lisbeth Korsmo-Berg,28
1980,Alpine Skiing,Men's Downhill,Austria,Men,1,gold,Leonhard Stock,21
1980,Alpine Skiing,Men's Downhill,Austria,Men,2,silver,Peter Wirnsberger,21
1980,Alpine Skiing,Men's Downhill,Canada,Men,3,bronze,Steve Podborski,22
1980,Alpine Skiing,Men's Giant Slalom,Sweden,Men,1,gold,Ingemar Stenmark,23
1980,Alpine Skiing,Men's Giant Slalom,Liechtenstein,Men,2,silver,Andi Wenzel,21
1980,Alpine Skiing,Men's Giant Slalom,Austria,Men,3,bronze,Hans Enn,21
1980,Alpine Skiing,Men's Slalom,Sweden,Men,1,gold,Ingemar Stenmark,23
1980,Alpine Skiing,Men's Slalom,USA,Men,2,silver,Phil Mahre,22
1980,Alpine Skiing,Men's Slalom,Switzerland,Men,3,bronze,Jacques Lüthy,20
1980,Alpine Skiing,Women's Downhill,Austria,Women,1,gold,Annemarie Moser-Pröll,26
1980,Alpine Skiing,Women's Downhill,Liechtenstein,Women,2,silver,Hanni Wenzel,23
1980,Alpine Skiing,Women's Downhill,Switzerland,Women,3,bronze,Marie-Theres Nadig,25
1980,Alpine Skiing,Women's Giant Slalom,Liechtenstein,Women,1,gold,Hanni Wenzel,23
1980,Alpine Skiing,Women's Giant Slalom,West Germany,Women,2,silver,Irene Epple,22
1980,Alpine Skiing,Women's Giant Slalom,France,Women,3,bronze,Perrine Pelen,19
1980,Alpine Skiing,Women's Slalom,Liechtenstein,Women,1,gold,Hanni Wenzel,23
1980,Alpine Skiing,Women's Slalom,West Germany,Women,2,silver,Christa Kinshofer-Güthlein,19
1980,Alpine Skiing,Women's Slalom,Switzerland,Women,3,bronze,Erika Hess,17
1980,Biathlon,Men's 10-Kilometer Sprint,East Germany,Men,1,gold,Frank Ullrich,22
1980,Biathlon,Men's 10-Kilometer Sprint,Soviet Union,Men,2,silver,Vladimir Alikin,22
1980,Biathlon,Men's 10-Kilometer Sprint,Soviet Union,Men,3,bronze,Anatoly Alyabyev,28
1980,Biathlon,Men's 20 Kilometers,Soviet Union,Men,1,gold,Anatoly Alyabyev,28
1980,Biathlon,Men's 20 Kilometers,East Germany,Men,2,silver,Frank Ullrich,22
1980,Biathlon,Men's 20 Kilometers,East Germany,Men,3,bronze,Eberhard Rösch,25
1980,Biathlon,Men's 4 × 7.5-Kilometer Relay,Soviet Union,Men,1,gold,Soviet Union,
1980,Biathlon,Men's 4 × 7.5-Kilometer Relay,East Germany,Men,2,silver,East Germany,
1980,Biathlon,Men's 4 × 7.5-Kilometer Relay,West Germany,Men,3,bronze,West Germany,
1980,Bobsled,Men's Two,Switzerland,Men,1,gold,Switzerland-2,
1980,Bobsled,Men's Two,East Germany,Men,2,silver,East Germany-2,
1980,Bobsled,Men's Two,East Germany,Men,3,bronze,East Germany-1,
1980,Bobsled,Men's Four,East Germany,Men,1,gold,East Germany-1,
1980,Bobsled,Men's Four,Switzerland,Men,2,silver,Switzerland-1,
1980,Bobsled,Men's Four,East Germany,Men,3,bronze,East Germany-2,
1980,Cross-Country Skiing,Men's 15 Kilometers,Sweden,Men,1,gold,Thomas Wassberg,23
1980,Cross-Country Skiing,Men's 15 Kilometers,Finland,Men,2,silver,Juha Mieto,30
1980,Cross-Country Skiing,Men's 15 Kilometers,Norway,Men,3,bronze,Ove Aunli,23
1980,Cross-Country Skiing,Men's 30 Kilometers,Soviet Union,Men,1,gold,Nikolay Zimyatov,24
1980,Cross-Country Skiing,Men's 30 Kilometers,Soviet Union,Men,2,silver,Vasily Rochev,28
1980,Cross-Country Skiing,Men's 30 Kilometers,Bulgaria,Men,3,bronze,Ivan Lebanov,22
1980,Cross-Country Skiing,Men's 50 Kilometers,Soviet Union,Men,1,gold,Nikolay Zimyatov,24
1980,Cross-Country Skiing,Men's 50 Kilometers,Finland,Men,2,silver,Juha Mieto,30
1980,Cross-Country Skiing,Men's 50 Kilometers,Soviet Union,Men,3,bronze,Aleksandr Zavyalov,24
1980,Cross-Country Skiing,Men's 4 × 10-Kilometer Relay,Soviet Union,Men,1,gold,Soviet Union,
1980,Cross-Country Skiing,Men's 4 × 10-Kilometer Relay,Norway,Men,2,silver,Norway,
1980,Cross-Country Skiing,Men's 4 × 10-Kilometer Relay,Finland,Men,3,bronze,Finland,
1980,Cross-Country Skiing,Women's 5 Kilometers,Soviet Union,Women,1,gold,Raisa Smetanina,27
1980,Cross-Country Skiing,Women's 5 Kilometers,Finland,Women,2,silver,Hilkka Riihivuori-Kuntola,27
1980,Cross-Country Skiing,Women's 5 Kilometers,Czechoslovakia,Women,3,bronze,Květa Jeriová,23
1980,Cross-Country Skiing,Women's 10 Kilometers,East Germany,Women,1,gold,Barbara Petzold,24
1980,Cross-Country Skiing,Women's 10 Kilometers,Finland,Women,2,silver,Hilkka Riihivuori-Kuntola,27
1980,Cross-Country Skiing,Women's 10 Kilometers,Finland,Women,3,bronze,Helena Kivioja-Takalo,32
1980,Cross-Country Skiing,Women's 4 × 5-Kilometer Relay,East Germany,Women,1,gold,East Germany,
1980,Cross-Country Skiing,Women's 4 × 5-Kilometer Relay,Soviet Union,Women,2,silver,Soviet Union,
1980,Cross-Country Skiing,Women's 4 × 5-Kilometer Relay,Norway,Women,3,bronze,Norway,
1980,Figure Skating,Men's Singles,Britain,Men,1,gold,Robin Cousins,22
1980,Figure Skating,Men's Singles,East Germany,Men,2,silver,Jan Hoffmann,24
1980,Figure Skating,Men's Singles,USA,Men,3,bronze,Charlie Tickner,26
1980,Figure Skating,Mixed Pairs,Soviet Union,Mixed,1,gold,Soviet Union-1,
1980,Figure Skating,Mixed Pairs,Soviet Union,Mixed,2,silver,Soviet Union-2,
1980,Figure Skating,Mixed Pairs,East Germany,Mixed,3,bronze,East Germany-1,
1980,Figure Skating,Mixed Ice Dancing,Soviet Union,Mixed,1,gold,Soviet Union-1,
1980,Figure Skating,Mixed Ice Dancing,Hungary,Mixed,2,silver,Hungary,
1980,Figure Skating,Mixed Ice Dancing,Soviet Union,Mixed,3,bronze,Soviet Union-2,
1980,Figure Skating,Women's Singles,East Germany,Women,1,gold,Anett Pötzsch,19
1980,Figure Skating,Women's Singles,USA,Women,2,silver,Linda Fratianne,19
1980,Figure Skating,Women's Singles,West Germany,Women,3,bronze,Dagmar Lurz,21
1980,Ice Hockey,Men's Ice Hockey,USA,Men,1,gold,USA,
1980,Ice Hockey,Men's Ice Hockey,Soviet Union,Men,2,silver,Soviet Union,
1980,Ice Hockey,Men's Ice Hockey,Sweden,Men,3,bronze,Sweden,
1980,Luge,Men's Singles,East Germany,Men,1,gold,Bernhard Glass,22
1980,Luge,Men's Singles,Italy,Men,2,silver,Paul Hildgartner,27
1980,Luge,Men's Singles,West Germany,Men,3,bronze,Anton Winkler,25
1980,Luge,Men's Doubles,East Germany,Men,1,gold,East Germany-1,
1980,Luge,Men's Doubles,Italy,Men,2,silver,Italy-1,
1980,Luge,Men's Doubles,Austria,Men,3,bronze,Austria-1,
1980,Luge,Women's Singles,Soviet Union,Women,1,gold,Vera Zozuļa,24
1980,Luge,Women's Singles,East Germany,Women,2,silver,Melitta Sollmann,21
1980,Luge,Women's Singles,Soviet Union,Women,3,bronze,Ingrīda Amantova,19
1980,Nordic Combined,Men's Individual,East Germany,Men,1,gold,Ulrich Wehling,27
1980,Nordic Combined,Men's Individual,Finland,Men,2,silver,Jouko Karjalainen,23
1980,Nordic Combined,Men's Individual,East Germany,Men,3,bronze,Konrad Winkler,24
1980,Ski Jumping,"Men's Normal Hill, Individual",Austria,Men,1,gold,Toni Innauer,21
1980,Ski Jumping,"Men's Normal Hill, Individual",East Germany,Men,2,silver,Manfred Deckert,18
1980,Ski Jumping,"Men's Normal Hill, Individual",Japan,Men,2,silver,Hirokazu Yagi,20
1980,Ski Jumping,"Men's Large Hill, Individual",Finland,Men,1,gold,Jouko Törmänen,25
1980,Ski Jumping,"Men's Large Hill, Individual",Austria,Men,2,silver,Hubert Neuper,19
1980,Ski Jumping,"Men's Large Hill, Individual",Finland,Men,3,bronze,Jari Puikkonen,20
1980,Speedskating,Men's 500 Meters,USA,Men,1,gold,Eric Heiden,21
1980,Speedskating,Men's 500 Meters,Soviet Union,Men,2,silver,Yevgeny Kulikov,29
1980,Speedskating,Men's 500 Meters,Netherlands,Men,3,bronze,Lieuwe de Boer,28
1980,Speedskating,"Men's 1,000 Meters",USA,Men,1,gold,Eric Heiden,21
1980,Speedskating,"Men's 1,000 Meters",Canada,Men,2,silver,Gaétan Boucher,21
1980,Speedskating,"Men's 1,000 Meters",Soviet Union,Men,3,bronze,Vladimir Lobanov,26
1980,Speedskating,"Men's 1,000 Meters",Norway,Men,3,bronze,Frode Rønning,20
1980,Speedskating,"Men's 1,500 Meters",USA,Men,1,gold,Eric Heiden,21
1980,Speedskating,"Men's 1,500 Meters",Norway,Men,2,silver,Kay Arne Stenshjemmet,26
1980,Speedskating,"Men's 1,500 Meters",Norway,Men,3,bronze,Terje Andersen,27
1980,Speedskating,"Men's 5,000 Meters",USA,Men,1,gold,Eric Heiden,21
1980,Speedskating,"Men's 5,000 Meters",Norway,Men,2,silver,Kay Arne Stenshjemmet,26
1980,Speedskating,"Men's 5,000 Meters",Norway,Men,3,bronze,Tom Erik Oxholm,20
1980,Speedskating,"Men's 10,000 Meters",USA,Men,1,gold,Eric Heiden,21
1980,Speedskating,"Men's 10,000 Meters",Netherlands,Men,2,silver,Piet Kleine,28
1980,Speedskating,"Men's 10,000 Meters",Norway,Men,3,bronze,Tom Erik Oxholm,20
1980,Speedskating,Women's 500 Meters,East Germany,Women,1,gold,Karin Enke-Kania,18
1980,Speedskating,Women's 500 Meters,USA,Women,2,silver,Leah Poulos-Mueller,28
1980,Speedskating,Women's 500 Meters,Soviet Union,Women,3,bronze,Nataliya Petrusyova,24
1980,Speedskating,"Women's 1,000 Meters",Soviet Union,Women,1,gold,Nataliya Petrusyova,24
1980,Speedskating,"Women's 1,000 Meters",USA,Women,2,silver,Leah Poulos-Mueller,28
1980,Speedskating,"Women's 1,000 Meters",East Germany,Women,3,bronze,Sylvia Albrecht,17
1980,Speedskating,"Women's 1,500 Meters",Netherlands,Women,1,gold,Annie Borckink,28
1980,Speedskating,"Women's 1,500 Meters",Netherlands,Women,2,silver,Ria Visser,18
1980,Speedskating,"Women's 1,500 Meters",East Germany,Women,3,bronze,Sabine Becker,20
1980,Speedskating,"Women's 3,000 Meters",Norway,Women,1,gold,Bjørg Eva Jensen,19
1980,Speedskating,"Women's 3,000 Meters",East Germany,Women,2,silver,Sabine Becker,20
1980,Speedskating,"Women's 3,000 Meters",USA,Women,3,bronze,Beth Heiden,20
1984,Alpine Skiing,Men's Downhill,USA,Men,1,gold,Bill Johnson,23
1984,Alpine Skiing,Men's Downhill,Switzerland,Men,2,silver,Peter Müller,26
1984,Alpine Skiing,Men's Downhill,Austria,Men,3,bronze,Anton Steiner,25
1984,Alpine Skiing,Men's Giant Slalom,Switzerland,Men,1,gold,Max Julen,22
1984,Alpine Skiing,Men's Giant Slalom,Yugoslavia,Men,2,silver,Jure Franko,21
1984,Alpine Skiing,Men's Giant Slalom,Liechtenstein,Men,3,bronze,Andi Wenzel,25
1984,Alpine Skiing,Men's Slalom,USA,Men,1,gold,Phil Mahre,26
1984,Alpine Skiing,Men's Slalom,USA,Men,2,silver,Steve Mahre,26
1984,Alpine Skiing,Men's Slalom,France,Men,3,bronze,Didier Bouvet,22
1984,Alpine Skiing,Women's Downhill,Switzerland,Women,1,gold,Michela Figini,17
1984,Alpine Skiing,Women's Downhill,Switzerland,Women,2,silver,Maria Walliser,20
1984,Alpine Skiing,Women's Downhill,Czechoslovakia,Women,3,bronze,Olga Charvátová,21
1984,Alpine Skiing,Women's Giant Slalom,USA,Women,1,gold,Debbie Armstrong,20
1984,Alpine Skiing,Women's Giant Slalom,USA,Women,2,silver,Christin Cooper,24
1984,Alpine Skiing,Women's Giant Slalom,France,Women,3,bronze,Perrine Pelen,23
1984,Alpine Skiing,Women's Slalom,Italy,Women,1,gold,Paola Magoni-Sforza,19
1984,Alpine Skiing,Women's Slalom,France,Women,2,silver,Perrine Pelen,23
1984,Alpine Skiing,Women's Slalom,Liechtenstein,Women,3,bronze,Ursula Konzett,24
1984,Biathlon,Men's 10-Kilometer Sprint,Norway,Men,1,gold,Eirik Kvalfoss,24
1984,Biathlon,Men's 10-Kilometer Sprint,West Germany,Men,2,silver,Peter Angerer,24
1984,Biathlon,Men's 10-Kilometer Sprint,East Germany,Men,3,bronze,Matthias Jacob,23
1984,Biathlon,Men's 20 Kilometers,West Germany,Men,1,gold,Peter Angerer,24
1984,Biathlon,Men's 20 Kilometers,East Germany,Men,2,silver,Frank-Peter Roetsch,19
1984,Biathlon,Men's 20 Kilometers,Norway,Men,3,bronze,Eirik Kvalfoss,24
1984,Biathlon,Men's 4 × 7.5-Kilometer Relay,Soviet Union,Men,1,gold,Soviet Union,
1984,Biathlon,Men's 4 × 7.5-Kilometer Relay,Norway,Men,2,silver,Norway,
1984,Biathlon,Men's 4 × 7.5-Kilometer Relay,West Germany,Men,3,bronze,West Germany,
1984,Bobsled,Men's Two,East Germany,Men,1,gold,East Germany-2,
1984,Bobsled,Men's Two,East Germany,Men,2,silver,East Germany-1,
1984,Bobsled,Men's Two,Soviet Union,Men,3,bronze,Soviet Union-2,
1984,Bobsled,Men's Four,East Germany,Men,1,gold,East Germany-1,
1984,Bobsled,Men's Four,East Germany,Men,2,silver,East Germany-2,
1984,Bobsled,Men's Four,Switzerland,Men,3,bronze,Switzerland-1,
1984,Cross-Country Skiing,Men's 15 Kilometers,Sweden,Men,1,gold,Gunde Svan,22
1984,Cross-Country Skiing,Men's 15 Kilometers,Finland,Men,2,silver,Aki Karvonen,26
1984,Cross-Country Skiing,Men's 15 Kilometers,Finland,Men,3,bronze,Harri Kirvesniemi,25
1984,Cross-Country Skiing,Men's 30 Kilometers,Soviet Union,Men,1,gold,Nikolay Zimyatov,28
1984,Cross-Country Skiing,Men's 30 Kilometers,Soviet Union,Men,2,silver,Aleksandr Zavyalov,28
1984,Cross-Country Skiing,Men's 30 Kilometers,Sweden,Men,3,bronze,Gunde Svan,22
1984,Cross-Country Skiing,Men's 50 Kilometers,Sweden,Men,1,gold,Thomas Wassberg,27
1984,Cross-Country Skiing,Men's 50 Kilometers,Sweden,Men,2,silver,Gunde Svan,22
1984,Cross-Country Skiing,Men's 50 Kilometers,Finland,Men,3,bronze,Aki Karvonen,26
1984,Cross-Country Skiing,Men's 4 × 10-Kilometer Relay,Sweden,Men,1,gold,Sweden,
1984,Cross-Country Skiing,Men's 4 × 10-Kilometer Relay,Soviet Union,Men,2,silver,Soviet Union,
1984,Cross-Country Skiing,Men's 4 × 10-Kilometer Relay,Finland,Men,3,bronze,Finland,
1984,Cross-Country Skiing,Women's 5 Kilometers,Finland,Women,1,gold,Marja-Liisa Kirvesniemi-Hämäläinen,28
1984,Cross-Country Skiing,Women's 5 Kilometers,Norway,Women,2,silver,Berit Aunli-Kvello,27
1984,Cross-Country Skiing,Women's 5 Kilometers,Czechoslovakia,Women,3,bronze,Květa Jeriová,27
1984,Cross-Country Skiing,Women's 10 Kilometers,Finland,Women,1,gold,Marja-Liisa Kirvesniemi-Hämäläinen,28
1984,Cross-Country Skiing,Women's 10 Kilometers,Soviet Union,Women,2,silver,Raisa Smetanina,31
1984,Cross-Country Skiing,Women's 10 Kilometers,Norway,Women,3,bronze,Brit Pettersen,22
1984,Cross-Country Skiing,Women's 20 Kilometers,Finland,Women,1,gold,Marja-Liisa Kirvesniemi-Hämäläinen,28
1984,Cross-Country Skiing,Women's 20 Kilometers,Soviet Union,Women,2,silver,Raisa Smetanina,31
1984,Cross-Country Skiing,Women's 20 Kilometers,Norway,Women,3,bronze,Anne Jahren,20
1984,Cross-Country Skiing,Women's 4 × 5-Kilometer Relay,Norway,Women,1,gold,Norway,
1984,Cross-Country Skiing,Women's 4 × 5-Kilometer Relay,Czechoslovakia,Women,2,silver,Czechoslovakia,
1984,Cross-Country Skiing,Women's 4 × 5-Kilometer Relay,Finland,Women,3,bronze,Finland,
1984,Figure Skating,Men's Singles,USA,Men,1,gold,Scott Hamilton,25
1984,Figure Skating,Men's Singles,Canada,Men,2,silver,Brian Orser,22
1984,Figure Skating,Men's Singles,Czechoslovakia,Men,3,bronze,Jozef Sabovčík,20
1984,Figure Skating,Mixed Pairs,Soviet Union,Mixed,1,gold,Soviet Union-1,
1984,Figure Skating,Mixed Pairs,USA,Mixed,2,silver,USA-1,
1984,Figure Skating,Mixed Pairs,Soviet Union,Mixed,3,bronze,Soviet Union-2,
1984,Figure Skating,Mixed Ice Dancing,Britain,Mixed,1,gold,Britain-1,
1984,Figure Skating,Mixed Ice Dancing,Soviet Union,Mixed,2,silver,Soviet Union-1,
1984,Figure Skating,Mixed Ice Dancing,Soviet Union,Mixed,3,bronze,Soviet Union-2,
1984,Figure Skating,Women's Singles,East Germany,Women,1,gold,Katarina Witt,18
1984,Figure Skating,Women's Singles,USA,Women,2,silver,Rosalyn Sumners,19
1984,Figure Skating,Women's Singles,Soviet Union,Women,3,bronze,Kira Ivanova,21
1984,Ice Hockey,Men's Ice Hockey,Soviet Union,Men,1,gold,Soviet Union,
1984,Ice Hockey,Men's Ice Hockey,Czechoslovakia,Men,2,silver,Czechoslovakia,
1984,Ice Hockey,Men's Ice Hockey,Sweden,Men,3,bronze,Sweden,
1984,Luge,Men's Singles,Italy,Men,1,gold,Paul Hildgartner,31
1984,Luge,Men's Singles,Soviet Union,Men,2,silver,Sergey Danilin,24
1984,Luge,Men's Singles,Soviet Union,Men,3,bronze,Valery Dudin,20
1984,Luge,Men's Doubles,West Germany,Men,1,gold,West Germany-1,
1984,Luge,Men's Doubles,Soviet Union,Men,2,silver,Soviet Union-1,
1984,Luge,Men's Doubles,East Germany,Men,3,bronze,East Germany-1,
1984,Luge,Women's Singles,East Germany,Women,1,gold,Steffi Walter-Martin,21
1984,Luge,Women's Singles,East Germany,Women,2,silver,Bettina Schmidt,23
1984,Luge,Women's Singles,East Germany,Women,3,bronze,Ute Oberhoffner-Weiß,22
1984,Nordic Combined,Men's Individual,Norway,Men,1,gold,Tom Sandberg,28
1984,Nordic Combined,Men's Individual,Finland,Men,2,silver,Jouko Karjalainen,27
1984,Nordic Combined,Men's Individual,Finland,Men,3,bronze,Jukka Ylipulli,21
1984,Ski Jumping,"Men's Normal Hill, Individual",East Germany,Men,1,gold,Jens Weißflog,19
1984,Ski Jumping,"Men's Normal Hill, Individual",Finland,Men,2,silver,Matti Nykänen,20
1984,Ski Jumping,"Men's Normal Hill, Individual",Finland,Men,3,bronze,Jari Puikkonen,24
1984,Ski Jumping,"Men's Large Hill, Individual",Finland,Men,1,gold,Matti Nykänen,20
1984,Ski Jumping,"Men's Large Hill, Individual",East Germany,Men,2,silver,Jens Weißflog,19
1984,Ski Jumping,"Men's Large Hill, Individual",Czechoslovakia,Men,3,bronze,Pavel Ploc,19
1984,Speedskating,Men's 500 Meters,Soviet Union,Men,1,gold,Sergey Fokichev,21
1984,Speedskating,Men's 500 Meters,Japan,Men,2,silver,Yoshihiro Kitazawa,21
1984,Speedskating,Men's 500 Meters,Canada,Men,3,bronze,Gaétan Boucher,25
1984,Speedskating,"Men's 1,000 Meters",Canada,Men,1,gold,Gaétan Boucher,25
1984,Speedskating,"Men's 1,000 Meters",Soviet Union,Men,2,silver,Sergey Khlebnikov,28
1984,Speedskating,"Men's 1,000 Meters",Norway,Men,3,bronze,Kai Arne Engelstad,29
1984,Speedskating,"Men's 1,500 Meters",Canada,Men,1,gold,Gaétan Boucher,25
1984,Speedskating,"Men's 1,500 Meters",Soviet Union,Men,2,silver,Sergey Khlebnikov,28
1984,Speedskating,"Men's 1,500 Meters",Soviet Union,Men,3,bronze,Oleg Bozhev,22
1984,Speedskating,"Men's 5,000 Meters",Sweden,Men,1,gold,Tomas Gustafson,24
1984,Speedskating,"Men's 5,000 Meters",Soviet Union,Men,2,silver,Igor Malkov,18
1984,Speedskating,"Men's 5,000 Meters",East Germany,Men,3,bronze,René Schöfisch,22
1984,Speedskating,"Men's 10,000 Meters",Soviet Union,Men,1,gold,Igor Malkov,18
1984,Speedskating,"Men's 10,000 Meters",Sweden,Men,2,silver,Tomas Gustafson,24
1984,Speedskating,"Men's 10,000 Meters",East Germany,Men,3,bronze,René Schöfisch,22
1984,Speedskating,Women's 500 Meters,East Germany,Women,1,gold,Christa Rothenburger-Luding,24
1984,Speedskating,Women's 500 Meters,East Germany,Women,2,silver,Karin Enke-Kania,22
1984,Speedskating,Women's 500 Meters,Soviet Union,Women,3,bronze,Nataliya Shive-Glebova,20
1984,Speedskating,"Women's 1,000 Meters",East Germany,Women,1,gold,Karin Enke-Kania,22
1984,Speedskating,"Women's 1,000 Meters",East Germany,Women,2,silver,Andrea Ehrig-Schöne-Mitscherlich,23
1984,Speedskating,"Women's 1,000 Meters",Soviet Union,Women,3,bronze,Nataliya Petrusyova,28
1984,Speedskating,"Women's 1,500 Meters",East Germany,Women,1,gold,Karin Enke-Kania,22
1984,Speedskating,"Women's 1,500 Meters",East Germany,Women,2,silver,Andrea Ehrig-Schöne-Mitscherlich,23
1984,Speedskating,"Women's 1,500 Meters",Soviet Union,Women,3,bronze,Nataliya Petrusyova,28
1984,Speedskating,"Women's 3,000 Meters",East Germany,Women,1,gold,Andrea Ehrig-Schöne-Mitscherlich,23
1984,Speedskating,"Women's 3,000 Meters",East Germany,Women,2,silver,Karin Enke-Kania,22
1984,Speedskating,"Women's 3,000 Meters",East Germany,Women,3,bronze,Gabi Zange-Schönbrunn,22
1988,Alpine Skiing,Men's Downhill,Switzerland,Men,1,gold,Pirmin Zurbriggen,25
1988,Alpine Skiing,Men's Downhill,Switzerland,Men,2,silver,Peter Müller,30
1988,Alpine Skiing,Men's Downhill,France,Men,3,bronze,Franck Piccard,23
1988,Alpine Skiing,Men's Super G,France,Men,1,gold,Franck Piccard,23
1988,Alpine Skiing,Men's Super G,Austria,Men,2,silver,Helmut Mayer,21
1988,Alpine Skiing,Men's Super G,Sweden,Men,3,bronze,Lars-Börje Eriksson,21
1988,Alpine Skiing,Men's Giant Slalom,Italy,Men,1,gold,Alberto Tomba,21
1988,Alpine Skiing,Men's Giant Slalom,Austria,Men,2,silver,Hubert Strolz,25
1988,Alpine Skiing,Men's Giant Slalom,Switzerland,Men,3,bronze,Pirmin Zurbriggen,25
1988,Alpine Skiing,Men's Slalom,Italy,Men,1,gold,Alberto Tomba,21
1988,Alpine Skiing,Men's Slalom,West Germany,Men,2,silver,Frank Wörndl,28
1988,Alpine Skiing,Men's Slalom,Liechtenstein,Men,3,bronze,Paul Frommelt,30
1988,Alpine Skiing,Men's Combined,Austria,Men,1,gold,Hubert Strolz,25
1988,Alpine Skiing,Men's Combined,Austria,Men,2,silver,Bernhard Gstrein,22
1988,Alpine Skiing,Men's Combined,Switzerland,Men,3,bronze,Paul Accola,20
1988,Alpine Skiing,Women's Downhill,West Germany,Women,1,gold,Marina Kiehl,23
1988,Alpine Skiing,Women's Downhill,Switzerland,Women,2,silver,Brigitte Oertli,25
1988,Alpine Skiing,Women's Downhill,Canada,Women,3,bronze,Karen Percy,21
1988,Alpine Skiing,Women's Super G,Austria,Women,1,gold,Sigrid Wolf,23
1988,Alpine Skiing,Women's Super G,Switzerland,Women,2,silver,Michela Figini,21
1988,Alpine Skiing,Women's Super G,Canada,Women,3,bronze,Karen Percy,21
1988,Alpine Skiing,Women's Giant Slalom,Switzerland,Women,1,gold,Vreni Schneider,23
1988,Alpine Skiing,Women's Giant Slalom,West Germany,Women,2,silver,Christa Kinshofer-Güthlein,27
1988,Alpine Skiing,Women's Giant Slalom,Switzerland,Women,3,bronze,Maria Walliser,24
1988,Alpine Skiing,Women's Slalom,Switzerland,Women,1,gold,Vreni Schneider,23
1988,Alpine Skiing,Women's Slalom,Yugoslavia,Women,2,silver,Mateja Svet,19
1988,Alpine Skiing,Women's Slalom,West Germany,Women,3,bronze,Christa Kinshofer-Güthlein,27
1988,Alpine Skiing,Women's Combined,Austria,Women,1,gold,Anita Wachter,21
1988,Alpine Skiing,Women's Combined,Switzerland,Women,2,silver,Brigitte Oertli,25
1988,Alpine Skiing,Women's Combined,Switzerland,Women,3,bronze,Maria Walliser,24
1988,Biathlon,Men's 10-Kilometer Sprint,East Germany,Men,1,gold,Frank-Peter Roetsch,23
1988,Biathlon,Men's 10-Kilometer Sprint,Soviet Union,Men,2,silver,Valery Medvedtsev,23
1988,Biathlon,Men's 10-Kilometer Sprint,Soviet Union,Men,3,bronze,Sergey Chepikov,21
1988,Biathlon,Men's 20 Kilometers,East Germany,Men,1,gold,Frank-Peter Roetsch,23
1988,Biathlon,Men's 20 Kilometers,Soviet Union,Men,2,silver,Valery Medvedtsev,23
1988,Biathlon,Men's 20 Kilometers,Italy,Men,3,bronze,Johann Passler,26
1988,Biathlon,Men's 4 × 7.5-Kilometer Relay,Soviet Union,Men,1,gold,Soviet Union,
1988,Biathlon,Men's 4 × 7.5-Kilometer Relay,West Germany,Men,2,silver,West Germany,
1988,Biathlon,Men's 4 × 7.5-Kilometer Relay,Italy,Men,3,bronze,Italy,
1988,Bobsled,Men's Two,Soviet Union,Men,1,gold,Soviet Union-1,
1988,Bobsled,Men's Two,East Germany,Men,2,silver,East Germany-1,
1988,Bobsled,Men's Two,East Germany,Men,3,bronze,East Germany-2,
1988,Bobsled,Men's Four,Switzerland,Men,1,gold,Switzerland-1,
1988,Bobsled,Men's Four,East Germany,Men,2,silver,East Germany-1,
1988,Bobsled,Men's Four,Soviet Union,Men,3,bronze,Soviet Union-2,
1988,Cross-Country Skiing,Men's 15 Kilometers,Soviet Union,Men,1,gold,Mikhail Devyatyarov,28
1988,Cross-Country Skiing,Men's 15 Kilometers,Norway,Men,2,silver,Pål Gunnar Mikkelsplass,26
1988,Cross-Country Skiing,Men's 15 Kilometers,Soviet Union,Men,3,bronze,Vladimir Smirnov,23
1988,Cross-Country Skiing,Men's 30 Kilometers,Soviet Union,Men,1,gold,Aleksey Prokurorov,23
1988,Cross-Country Skiing,Men's 30 Kilometers,Soviet Union,Men,2,silver,Vladimir Smirnov,23
1988,Cross-Country Skiing,Men's 30 Kilometers,Norway,Men,3,bronze,Vegard Ulvang,24
1988,Cross-Country Skiing,Men's 50 Kilometers,Sweden,Men,1,gold,Gunde Svan,26
1988,Cross-Country Skiing,Men's 50 Kilometers,Italy,Men,2,silver,Maurilio De Zolt,37
1988,Cross-Country Skiing,Men's 50 Kilometers,Switzerland,Men,3,bronze,Andi Grünenfelder,27
1988,Cross-Country Skiing,Men's 4 × 10-Kilometer Relay,Sweden,Men,1,gold,Sweden,
1988,Cross-Country Skiing,Men's 4 × 10-Kilometer Relay,Soviet Union,Men,2,silver,Soviet Union,
1988,Cross-Country Skiing,Men's 4 × 10-Kilometer Relay,Czechoslovakia,Men,3,bronze,Czechoslovakia,
1988,Cross-Country Skiing,Women's 5 Kilometers,Finland,Women,1,gold,Marjo Matikainen,23
1988,Cross-Country Skiing,Women's 5 Kilometers,Soviet Union,Women,2,silver,Tamara Tikhonova,23
1988,Cross-Country Skiing,Women's 5 Kilometers,Soviet Union,Women,3,bronze,Vida Vencienė,26
1988,Cross-Country Skiing,Women's 10 Kilometers,Soviet Union,Women,1,gold,Vida Vencienė,26
1988,Cross-Country Skiing,Women's 10 Kilometers,Soviet Union,Women,2,silver,Raisa Smetanina,35
1988,Cross-Country Skiing,Women's 10 Kilometers,Finland,Women,3,bronze,Marjo Matikainen,23
1988,Cross-Country Skiing,Women's 20 Kilometers,Soviet Union,Women,1,gold,Tamara Tikhonova,23
1988,Cross-Country Skiing,Women's 20 Kilometers,Soviet Union,Women,2,silver,Anfisa Reztsova,23
1988,Cross-Country Skiing,Women's 20 Kilometers,Soviet Union,Women,3,bronze,Raisa Smetanina,35
1988,Cross-Country Skiing,Women's 4 × 5-Kilometer Relay,Soviet Union,Women,1,gold,Soviet Union,
1988,Cross-Country Skiing,Women's 4 × 5-Kilometer Relay,Norway,Women,2,silver,Norway,
1988,Cross-Country Skiing,Women's 4 × 5-Kilometer Relay,Finland,Women,3,bronze,Finland,
1988,Figure Skating,Men's Singles,USA,Men,1,gold,Brian Boitano,24
1988,Figure Skating,Men's Singles,Canada,Men,2,silver,Brian Orser,26
1988,Figure Skating,Men's Singles,Soviet Union,Men,3,bronze,Viktor Petrenko,18
1988,Figure Skating,Mixed Pairs,Soviet Union,Mixed,1,gold,Soviet Union-1,
1988,Figure Skating,Mixed Pairs,Soviet Union,Mixed,2,silver,Soviet Union-2,
1988,Figure Skating,Mixed Pairs,USA,Mixed,3,bronze,USA-1,
1988,Figure Skating,Mixed Ice Dancing,Soviet Union,Mixed,1,gold,Soviet Union-1,
1988,Figure Skating,Mixed Ice Dancing,Soviet Union,Mixed,2,silver,Soviet Union-2,
1988,Figure Skating,Mixed Ice Dancing,Canada,Mixed,3,bronze,Canada-1,
1988,Figure Skating,Women's Singles,East Germany,Women,1,gold,Katarina Witt,22
1988,Figure Skating,Women's Singles,Canada,Women,2,silver,Elizabeth Manley,22
1988,Figure Skating,Women's Singles,USA,Women,3,bronze,Debi Thomas,20
1988,Ice Hockey,Men's Ice Hockey,Soviet Union,Men,1,gold,Soviet Union,
1988,Ice Hockey,Men's Ice Hockey,Finland,Men,2,silver,Finland,
1988,Ice Hockey,Men's Ice Hockey,Sweden,Men,3,bronze,Sweden,
1988,Luge,Men's Singles,East Germany,Men,1,gold,Jens Müller,22
1988,Luge,Men's Singles,West Germany,Men,2,silver,Georg Hackl,21
1988,Luge,Men's Singles,Soviet Union,Men,3,bronze,Yury Kharchenko,24
1988,Luge,Men's Doubles,East Germany,Men,1,gold,East Germany-1,
1988,Luge,Men's Doubles,East Germany,Men,2,silver,East Germany-2,
1988,Luge,Men's Doubles,West Germany,Men,3,bronze,West Germany-1,
1988,Luge,Women's Singles,East Germany,Women,1,gold,Steffi Walter-Martin,25
1988,Luge,Women's Singles,East Germany,Women,2,silver,Ute Oberhoffner-Weiß,26
1988,Luge,Women's Singles,East Germany,Women,3,bronze,Cerstin Schmidt,24
1988,Nordic Combined,Men's Team,West Germany,Men,1,gold,West Germany,
1988,Nordic Combined,Men's Team,Switzerland,Men,2,silver,Switzerland,
1988,Nordic Combined,Men's Team,Austria,Men,3,bronze,Austria,
1988,Nordic Combined,Men's Individual,Switzerland,Men,1,gold,Hippolyt Kempf,22
1988,Nordic Combined,Men's Individual,Austria,Men,2,silver,Klaus Sulzenbacher,23
1988,Nordic Combined,Men's Individual,Soviet Union,Men,3,bronze,Allar Levandi,22
1988,Ski Jumping,"Men's Normal Hill, Individual",Finland,Men,1,gold,Matti Nykänen,24
1988,Ski Jumping,"Men's Normal Hill, Individual",Czechoslovakia,Men,2,silver,Pavel Ploc,23
1988,Ski Jumping,"Men's Normal Hill, Individual",Czechoslovakia,Men,3,bronze,Jiří Malec,25
1988,Ski Jumping,"Men's Large Hill, Individual",Finland,Men,1,gold,Matti Nykänen,24
1988,Ski Jumping,"Men's Large Hill, Individual",Norway,Men,2,silver,Erik Johnsen,22
1988,Ski Jumping,"Men's Large Hill, Individual",Yugoslavia,Men,3,bronze,Matjaž Debelak,22
1988,Ski Jumping,"Men's Large Hill, Team",Finland,Men,1,gold,Finland,
1988,Ski Jumping,"Men's Large Hill, Team",Yugoslavia,Men,2,silver,Yugoslavia,
1988,Ski Jumping,"Men's Large Hill, Team",Norway,Men,3,bronze,Norway,
1988,Speedskating,Men's 500 Meters,East Germany,Men,1,gold,Uwe-Jens Mey,24
1988,Speedskating,Men's 500 Meters,Netherlands,Men,2,silver,Jan Ykema,24
1988,Speedskating,Men's 500 Meters,Japan,Men,3,bronze,Akira Kuroiwa,26
1988,Speedskating,"Men's 1,000 Meters",Soviet Union,Men,1,gold,Nikolay Gulyayev,22
1988,Speedskating,"Men's 1,000 Meters",East Germany,Men,2,silver,Uwe-Jens Mey,24
1988,Speedskating,"Men's 1,000 Meters",Soviet Union,Men,3,bronze,Igor Zhelezovsky,24
1988,Speedskating,"Men's 1,500 Meters",East Germany,Men,1,gold,André Hoffmann,26
1988,Speedskating,"Men's 1,500 Meters",USA,Men,2,silver,Eric Flaim,20
1988,Speedskating,"Men's 1,500 Meters",Austria,Men,3,bronze,Michael Hadschieff,24
1988,Speedskating,"Men's 5,000 Meters",Sweden,Men,1,gold,Tomas Gustafson,28
1988,Speedskating,"Men's 5,000 Meters",Netherlands,Men,2,silver,Leo Visser,22
1988,Speedskating,"Men's 5,000 Meters",Netherlands,Men,3,bronze,Gerard Kemkers,20
1988,Speedskating,"Men's 10,000 Meters",Sweden,Men,1,gold,Tomas Gustafson,28
1988,Speedskating,"Men's 10,000 Meters",Austria,Men,2,silver,Michael Hadschieff,24
1988,Speedskating,"Men's 10,000 Meters",Netherlands,Men,3,bronze,Leo Visser,22
1988,Speedskating,Women's 500 Meters,USA,Women,1,gold,Bonnie Blair,23
1988,Speedskating,Women's 500 Meters,East Germany,Women,2,silver,Christa Rothenburger-Luding,28
1988,Speedskating,Women's 500 Meters,East Germany,Women,3,bronze,Karin Enke-Kania,26
1988,Speedskating,"Women's 1,000 Meters",East Germany,Women,1,gold,Christa Rothenburger-Luding,28
1988,Speedskating,"Women's 1,000 Meters",East Germany,Women,2,silver,Karin Enke-Kania,26
1988,Speedskating,"Women's 1,000 Meters",USA,Women,3,bronze,Bonnie Blair,23
1988,Speedskating,"Women's 1,500 Meters",Netherlands,Women,1,gold,Yvonne van Gennip,23
1988,Speedskating,"Women's 1,500 Meters",East Germany,Women,2,silver,Karin Enke-Kania,26
1988,Speedskating,"Women's 1,500 Meters",East Germany,Women,3,bronze,Andrea Ehrig-Schöne-Mitscherlich,27
1988,Speedskating,"Women's 3,000 Meters",Netherlands,Women,1,gold,Yvonne van Gennip,23
1988,Speedskating,"Women's 3,000 Meters",East Germany,Women,2,silver,Andrea Ehrig-Schöne-Mitscherlich,27
1988,Speedskating,"Women's 3,000 Meters",East Germany,Women,3,bronze,Gabi Zange-Schönbrunn,26
1988,Speedskating,"Women's 5,000 Meters",Netherlands,Women,1,gold,Yvonne van Gennip,23
1988,Speedskating,"Women's 5,000 Meters",East Germany,Women,2,silver,Andrea Ehrig-Schöne-Mitscherlich,27
1988,Speedskating,"Women's 5,000 Meters",East Germany,Women,3,bronze,Gabi Zange-Schönbrunn,26
1992,Alpine Skiing,Men's Downhill,Austria,Men,1,gold,Patrick Ortlieb,24
1992,Alpine Skiing,Men's Downhill,France,Men,2,silver,Franck Piccard,27
1992,Alpine Skiing,Men's Downhill,Austria,Men,3,bronze,Günther Mader,27
1992,Alpine Skiing,Men's Super G,Norway,Men,1,gold,Kjetil André Aamodt,20
1992,Alpine Skiing,Men's Super G,Luxembourg,Men,2,silver,Marc Girardelli,28
1992,Alpine Skiing,Men's Super G,Norway,Men,3,bronze,Jan Einar Thorsen,25
1992,Alpine Skiing,Men's Giant Slalom,Italy,Men,1,gold,Alberto Tomba,25
1992,Alpine Skiing,Men's Giant Slalom,Luxembourg,Men,2,silver,Marc Girardelli,28
1992,Alpine Skiing,Men's Giant Slalom,Norway,Men,3,bronze,Kjetil André Aamodt,20
1992,Alpine Skiing,Men's Slalom,Norway,Men,1,gold,Finn Christian Jagge,25
1992,Alpine Skiing,Men's Slalom,Italy,Men,2,silver,Alberto Tomba,25
1992,Alpine Skiing,Men's Slalom,Austria,Men,3,bronze,Michael Tritscher,26
1992,Alpine Skiing,Men's Combined,Italy,Men,1,gold,Josef Polig,23
1992,Alpine Skiing,Men's Combined,Italy,Men,2,silver,Gianfranco Martin,21
1992,Alpine Skiing,Men's Combined,Switzerland,Men,3,bronze,Steve Locher,24
1992,Alpine Skiing,Women's Downhill,Canada,Women,1,gold,Kerrin Lee-Gartner,25
1992,Alpine Skiing,Women's Downhill,USA,Women,2,silver,Hilary Lindh,22
1992,Alpine Skiing,Women's Downhill,Austria,Women,3,bronze,Veronika Wallinger-Stallmaier,25
1992,Alpine Skiing,Women's Super G,Italy,Women,1,gold,Deborah Compagnoni,21
1992,Alpine Skiing,Women's Super G,France,Women,2,silver,Carole Merle,28
1992,Alpine Skiing,Women's Super G,Germany,Women,3,bronze,Katja Seizinger,19
1992,Alpine Skiing,Women's Giant Slalom,Sweden,Women,1,gold,Pernilla Wiberg,21
1992,Alpine Skiing,Women's Giant Slalom,USA,Women,2,silver,Diann Roffe-Steinrotter,24
1992,Alpine Skiing,Women's Giant Slalom,Austria,Women,2,silver,Anita Wachter,24
1992,Alpine Skiing,Women's Slalom,Austria,Women,1,gold,Petra Kronberger,22
1992,Alpine Skiing,Women's Slalom,New Zealand,Women,2,silver,Annelise Coberger,20
1992,Alpine Skiing,Women's Slalom,Spain,Women,3,bronze,Blanca Fernández Ochoa,28
1992,Alpine Skiing,Women's Combined,Austria,Women,1,gold,Petra Kronberger,22
1992,Alpine Skiing,Women's Combined,Austria,Women,2,silver,Anita Wachter,24
1992,Alpine Skiing,Women's Combined,France,Women,3,bronze,Florence Masnada,23
1992,Biathlon,Men's 10-Kilometer Sprint,Germany,Men,1,gold,Mark Kirchner,21
1992,Biathlon,Men's 10-Kilometer Sprint,Germany,Men,2,silver,Ricco Groß,21
1992,Biathlon,Men's 10-Kilometer Sprint,Finland,Men,3,bronze,Harri Eloranta,28
1992,Biathlon,Men's 20 Kilometers,Unified Team,Men,1,gold,Yevgeny Redkin,22
1992,Biathlon,Men's 20 Kilometers,Germany,Men,2,silver,Mark Kirchner,21
1992,Biathlon,Men's 20 Kilometers,Sweden,Men,3,bronze,Mikael Löfgren,22
1992,Biathlon,Men's 4 × 7.5-Kilometer Relay,Germany,Men,1,gold,Germany,
1992,Biathlon,Men's 4 × 7.5-Kilometer Relay,Unified Team,Men,2,silver,Unified Team,
1992,Biathlon,Men's 4 × 7.5-Kilometer Relay,Sweden,Men,3,bronze,Sweden,
1992,Biathlon,Women's 7.5-Kilometer Sprint,Unified Team,Women,1,gold,Anfisa Reztsova,27
1992,Biathlon,Women's 7.5-Kilometer Sprint,Germany,Women,2,silver,Antje Misersky-Harvey,24
1992,Biathlon,Women's 7.5-Kilometer Sprint,Unified Team,Women,3,bronze,Yelena Belova,26
1992,Biathlon,Women's 15 Kilometers,Germany,Women,1,gold,Antje Misersky-Harvey,24
1992,Biathlon,Women's 15 Kilometers,Unified Team,Women,2,silver,Svetlana Pechorskaya,23
1992,Biathlon,Women's 15 Kilometers,Canada,Women,3,bronze,Myriam Bédard,22
1992,Biathlon,Women's 3 × 7.5-Kilometer Relay,France,Women,1,gold,France,
1992,Biathlon,Women's 3 × 7.5-Kilometer Relay,Germany,Women,2,silver,Germany,
1992,Biathlon,Women's 3 × 7.5-Kilometer Relay,Unified Team,Women,3,bronze,Unified Team,
1992,Bobsled,Men's Two,Switzerland,Men,1,gold,Switzerland-1,
1992,Bobsled,Men's Two,Germany,Men,2,silver,Germany-1,
1992,Bobsled,Men's Two,Germany,Men,3,bronze,Germany-2,
1992,Bobsled,Men's Four,Austria,Men,1,gold,Austria-1,
1992,Bobsled,Men's Four,Germany,Men,2,silver,Germany-1,
1992,Bobsled,Men's Four,Switzerland,Men,3,bronze,Switzerland-1,
1992,Cross-Country Skiing,Men's 10 Kilometers,Norway,Men,1,gold,Vegard Ulvang,28
1992,Cross-Country Skiing,Men's 10 Kilometers,Italy,Men,2,silver,Marco Albarello,31
1992,Cross-Country Skiing,Men's 10 Kilometers,Sweden,Men,3,bronze,Christer Majbäck,28
1992,Cross-Country Skiing,Men's 30 Kilometers,Norway,Men,1,gold,Vegard Ulvang,28
1992,Cross-Country Skiing,Men's 30 Kilometers,Norway,Men,2,silver,Bjørn Dæhlie,24
1992,Cross-Country Skiing,Men's 30 Kilometers,Norway,Men,3,bronze,Terje Langli,27
1992,Cross-Country Skiing,Men's 50 Kilometers,Norway,Men,1,gold,Bjørn Dæhlie,24
1992,Cross-Country Skiing,Men's 50 Kilometers,Italy,Men,2,silver,Maurilio De Zolt,41
1992,Cross-Country Skiing,Men's 50 Kilometers,Italy,Men,3,bronze,Giorgio Vanzetta,32
1992,Cross-Country Skiing,Men's 10/15-Kilometer pursuit,Norway,Men,1,gold,Bjørn Dæhlie,24
1992,Cross-Country Skiing,Men's 10/15-Kilometer pursuit,Norway,Men,2,silver,Vegard Ulvang,28
1992,Cross-Country Skiing,Men's 10/15-Kilometer pursuit,Italy,Men,3,bronze,Giorgio Vanzetta,32
1992,Cross-Country Skiing,Men's 4 × 10-Kilometer Relay,Norway,Men,1,gold,Norway,
1992,Cross-Country Skiing,Men's 4 × 10-Kilometer Relay,Italy,Men,2,silver,Italy,
1992,Cross-Country Skiing,Men's 4 × 10-Kilometer Relay,Finland,Men,3,bronze,Finland,
1992,Cross-Country Skiing,Women's 5 Kilometers,Finland,Women,1,gold,Marjut Rolig-Lukkarinen,26
1992,Cross-Country Skiing,Women's 5 Kilometers,Unified Team,Women,2,silver,Lyubov Yegorova,25
1992,Cross-Country Skiing,Women's 5 Kilometers,Unified Team,Women,3,bronze,Yelena Välbe,23
1992,Cross-Country Skiing,Women's 15 Kilometers,Unified Team,Women,1,gold,Lyubov Yegorova,25
1992,Cross-Country Skiing,Women's 15 Kilometers,Finland,Women,2,silver,Marjut Rolig-Lukkarinen,26
1992,Cross-Country Skiing,Women's 15 Kilometers,Unified Team,Women,3,bronze,Yelena Välbe,23
1992,Cross-Country Skiing,Women's 30 Kilometers,Italy,Women,1,gold,Stefania Belmondo,23
1992,Cross-Country Skiing,Women's 30 Kilometers,Unified Team,Women,2,silver,Lyubov Yegorova,25
1992,Cross-Country Skiing,Women's 30 Kilometers,Unified Team,Women,3,bronze,Yelena Välbe,23
1992,Cross-Country Skiing,Women's 5/10-Kilometer pursuit,Unified Team,Women,1,gold,Lyubov Yegorova,25
1992,Cross-Country Skiing,Women's 5/10-Kilometer pursuit,Italy,Women,2,silver,Stefania Belmondo,23
1992,Cross-Country Skiing,Women's 5/10-Kilometer pursuit,Unified Team,Women,3,bronze,Yelena Välbe,23
1992,Cross-Country Skiing,Women's 4 × 5-Kilometer Relay,Unified Team,Women,1,gold,Unified Team,
1992,Cross-Country Skiing,Women's 4 × 5-Kilometer Relay,Norway,Women,2,silver,Norway,
1992,Cross-Country Skiing,Women's 4 × 5-Kilometer Relay,Italy,Women,3,bronze,Italy,
1992,Figure Skating,Men's Singles,Unified Team,Men,1,gold,Viktor Petrenko,22
1992,Figure Skating,Men's Singles,USA,Men,2,silver,Paul Wylie,27
1992,Figure Skating,Men's Singles,Czechoslovakia,Men,3,bronze,Petr Barna,25
1992,Figure Skating,Mixed Pairs,Unified Team,Mixed,1,gold,Unified Team-1,
1992,Figure Skating,Mixed Pairs,Unified Team,Mixed,2,silver,Unified Team-2,
1992,Figure Skating,Mixed Pairs,Canada,Mixed,3,bronze,Canada-1,
1992,Figure Skating,Mixed Ice Dancing,Unified Team,Mixed,1,gold,Unified Team-1,
1992,Figure Skating,Mixed Ice Dancing,France,Mixed,2,silver,France-1,
1992,Figure Skating,Mixed Ice Dancing,Unified Team,Mixed,3,bronze,Unified Team-2,
1992,Figure Skating,Women's Singles,USA,Women,1,gold,Kristi Yamaguchi,20
1992,Figure Skating,Women's Singles,Japan,Women,2,silver,Midori Ito,22
1992,Figure Skating,Women's Singles,USA,Women,3,bronze,Nancy Kerrigan,22
1992,Freestyle Skiing,Men's Moguls,France,Men,1,gold,Edgar Grospiron,22
1992,Freestyle Skiing,Men's Moguls,France,Men,2,silver,Olivier Allamand,22
1992,Freestyle Skiing,Men's Moguls,USA,Men,3,bronze,Nelson Carmichael,26
1992,Freestyle Skiing,Women's Moguls,USA,Women,1,gold,Donna Weinbrecht,26
1992,Freestyle Skiing,Women's Moguls,Unified Team,Women,2,silver,Yelizaveta Kozhevnikova,18
1992,Freestyle Skiing,Women's Moguls,Norway,Women,3,bronze,Stine Lise Hattestad,25
1992,Ice Hockey,Men's Ice Hockey,Unified Team,Men,1,gold,Unified Team,
1992,Ice Hockey,Men's Ice Hockey,Canada,Men,2,silver,Canada,
1992,Ice Hockey,Men's Ice Hockey,Czechoslovakia,Men,3,bronze,Czechoslovakia,
1992,Luge,Men's Singles,Germany,Men,1,gold,Georg Hackl,25
1992,Luge,Men's Singles,Austria,Men,2,silver,Markus Prock,27
1992,Luge,Men's Singles,Austria,Men,3,bronze,Markus Schmidt,23
1992,Luge,Men's Doubles,Germany,Men,1,gold,Germany-1,
1992,Luge,Men's Doubles,Germany,Men,2,silver,Germany-2,
1992,Luge,Men's Doubles,Italy,Men,3,bronze,Italy-1,
1992,Luge,Women's Singles,Austria,Women,1,gold,Doris Neuner,20
1992,Luge,Women's Singles,Austria,Women,2,silver,Angelika Neuner,22
1992,Luge,Women's Singles,Germany,Women,3,bronze,Susi Erdmann,24
1992,Nordic Combined,Men's Team,Japan,Men,1,gold,Japan,
1992,Nordic Combined,Men's Team,Norway,Men,2,silver,Norway,
1992,Nordic Combined,Men's Team,Austria,Men,3,bronze,Austria,
1992,Nordic Combined,Men's Individual,France,Men,1,gold,Fabrice Guy,23
1992,Nordic Combined,Men's Individual,France,Men,2,silver,Sylvain Guillaume,23
1992,Nordic Combined,Men's Individual,Austria,Men,3,bronze,Klaus Sulzenbacher,27
1992,Short-Track Speedskating,"Men's 1,000 Meters",South Korea,Men,1,gold,Kim Gi-Hun,24
1992,Short-Track Speedskating,"Men's 1,000 Meters",Canada,Men,2,silver,Frédéric Blackburn,19
1992,Short-Track Speedskating,"Men's 1,000 Meters",South Korea,Men,3,bronze,Lee Jun-Ho,26
1992,Short-Track Speedskating,"Men's 5,000-Meter Relay",South Korea,Men,1,gold,South Korea,
1992,Short-Track Speedskating,"Men's 5,000-Meter Relay",Canada,Men,2,silver,Canada,
1992,Short-Track Speedskating,"Men's 5,000-Meter Relay",Japan,Men,3,bronze,Japan,
1992,Short-Track Speedskating,Women's 500 Meters,USA,Women,1,gold,Cathy Turner,29
1992,Short-Track Speedskating,Women's 500 Meters,China,Women,2,silver,Li Yan,23
1992,Short-Track Speedskating,Women's 500 Meters,North Korea,Women,3,bronze,Hwang Ok-Sil,19
1992,Short-Track Speedskating,"Women's 3,000-Meter Relay",Canada,Women,1,gold,Canada,
1992,Short-Track Speedskating,"Women's 3,000-Meter Relay",USA,Women,2,silver,USA,
1992,Short-Track Speedskating,"Women's 3,000-Meter Relay",Unified Team,Women,3,bronze,Unified Team,
1992,Ski Jumping,"Men's Normal Hill, Individual",Austria,Men,1,gold,Ernst Vettori,27
1992,Ski Jumping,"Men's Normal Hill, Individual",Austria,Men,2,silver,Martin Höllwarth,17
1992,Ski Jumping,"Men's Normal Hill, Individual",Finland,Men,3,bronze,Toni Nieminen,16
1992,Ski Jumping,"Men's Large Hill, Individual",Finland,Men,1,gold,Toni Nieminen,16
1992,Ski Jumping,"Men's Large Hill, Individual",Austria,Men,2,silver,Martin Höllwarth,17
1992,Ski Jumping,"Men's Large Hill, Individual",Austria,Men,3,bronze,Heinz Kuttin,21
1992,Ski Jumping,"Men's Large Hill, Team",Finland,Men,1,gold,Finland,
1992,Ski Jumping,"Men's Large Hill, Team",Austria,Men,2,silver,Austria,
1992,Ski Jumping,"Men's Large Hill, Team",Czechoslovakia,Men,3,bronze,Czechoslovakia,
1992,Speedskating,Men's 500 Meters,Germany,Men,1,gold,Uwe-Jens Mey,28
1992,Speedskating,Men's 500 Meters,Japan,Men,2,silver,Toshiyuki Kuroiwa,22
1992,Speedskating,Men's 500 Meters,Japan,Men,3,bronze,Junichi Inoue,20
1992,Speedskating,"Men's 1,000 Meters",Germany,Men,1,gold,Olaf Zinke,25
1992,Speedskating,"Men's 1,000 Meters",South Korea,Men,2,silver,Kim Yun-Man,18
1992,Speedskating,"Men's 1,000 Meters",Japan,Men,3,bronze,Yukinori Miyabe,23
1992,Speedskating,"Men's 1,500 Meters",Norway,Men,1,gold,Johann Olav Koss,23
1992,Speedskating,"Men's 1,500 Meters",Norway,Men,2,silver,Ådne Søndrål,20
1992,Speedskating,"Men's 1,500 Meters",Netherlands,Men,3,bronze,Leo Visser,26
1992,Speedskating,"Men's 5,000 Meters",Norway,Men,1,gold,Geir Karlstad,28
1992,Speedskating,"Men's 5,000 Meters",Netherlands,Men,2,silver,Falko Zandstra,20
1992,Speedskating,"Men's 5,000 Meters",Netherlands,Men,3,bronze,Leo Visser,26
1992,Speedskating,"Men's 10,000 Meters",Netherlands,Men,1,gold,Bart Veldkamp,24
1992,Speedskating,"Men's 10,000 Meters",Norway,Men,2,silver,Johann Olav Koss,23
1992,Speedskating,"Men's 10,000 Meters",Norway,Men,3,bronze,Geir Karlstad,28
1992,Speedskating,Women's 500 Meters,USA,Women,1,gold,Bonnie Blair,27
1992,Speedskating,Women's 500 Meters,China,Women,2,silver,Ye Qiaobo,27
1992,Speedskating,Women's 500 Meters,Germany,Women,3,bronze,Christa Rothenburger-Luding,32
1992,Speedskating,"Women's 1,000 Meters",USA,Women,1,gold,Bonnie Blair,27
1992,Speedskating,"Women's 1,000 Meters",China,Women,2,silver,Ye Qiaobo,27
1992,Speedskating,"Women's 1,000 Meters",Germany,Women,3,bronze,Monique Garbrecht-Enfeldt,23
1992,Speedskating,"Women's 1,500 Meters",Germany,Women,1,gold,Jacqueline Börner,26
1992,Speedskating,"Women's 1,500 Meters",Germany,Women,2,silver,Gunda Niemann-Stirnemann-Kleemann,25
1992,Speedskating,"Women's 1,500 Meters",Japan,Women,3,bronze,Seiko Hashimoto,27
1992,Speedskating,"Women's 3,000 Meters",Germany,Women,1,gold,Gunda Niemann-Stirnemann-Kleemann,25
1992,Speedskating,"Women's 3,000 Meters",Germany,Women,2,silver,Heike Warnicke,25
1992,Speedskating,"Women's 3,000 Meters",Austria,Women,3,bronze,Emese Nemeth-Hunyady,25
1992,Speedskating,"Women's 5,000 Meters",Germany,Women,1,gold,Gunda Niemann-Stirnemann-Kleemann,25
1992,Speedskating,"Women's 5,000 Meters",Germany,Women,2,silver,Heike Warnicke,25
1992,Speedskating,"Women's 5,000 Meters",Germany,Women,3,bronze,Claudia Pechstein,19
1994,Alpine Skiing,Men's Downhill,USA,Men,1,gold,Tommy Moe,23
1994,Alpine Skiing,Men's Downhill,Norway,Men,2,silver,Kjetil André Aamodt,22
1994,Alpine Skiing,Men's Downhill,Canada,Men,3,bronze,Ed Podivinsky,23
1994,Alpine Skiing,Men's Super G,Germany,Men,1,gold,Markus Wasmeier,30
1994,Alpine Skiing,Men's Super G,USA,Men,2,silver,Tommy Moe,23
1994,Alpine Skiing,Men's Super G,Norway,Men,3,bronze,Kjetil André Aamodt,22
1994,Alpine Skiing,Men's Giant Slalom,Germany,Men,1,gold,Markus Wasmeier,30
1994,Alpine Skiing,Men's Giant Slalom,Switzerland,Men,2,silver,Urs Kälin,27
1994,Alpine Skiing,Men's Giant Slalom,Austria,Men,3,bronze,Christian Mayer,22
1994,Alpine Skiing,Men's Slalom,Austria,Men,1,gold,Thomas Stangassinger,28
1994,Alpine Skiing,Men's Slalom,Italy,Men,2,silver,Alberto Tomba,27
1994,Alpine Skiing,Men's Slalom,Slovenia,Men,3,bronze,Jure Košir,21
1994,Alpine Skiing,Men's Combined,Norway,Men,1,gold,Lasse Kjus,23
1994,Alpine Skiing,Men's Combined,Norway,Men,2,silver,Kjetil André Aamodt,22
1994,Alpine Skiing,Men's Combined,Norway,Men,3,bronze,Harald Christian Strand Nilsen,22
1994,Alpine Skiing,Women's Downhill,Germany,Women,1,gold,Katja Seizinger,21
1994,Alpine Skiing,Women's Downhill,USA,Women,2,silver,Picabo Street,22
1994,Alpine Skiing,Women's Downhill,Italy,Women,3,bronze,Isolde Kostner,18
1994,Alpine Skiing,Women's Super G,USA,Women,1,gold,Diann Roffe-Steinrotter,26
1994,Alpine Skiing,Women's Super G,Russia,Women,2,silver,Svetlana Gladysheva,22
1994,Alpine Skiing,Women's Super G,Italy,Women,3,bronze,Isolde Kostner,18
1994,Alpine Skiing,Women's Giant Slalom,Italy,Women,1,gold,Deborah Compagnoni,23
1994,Alpine Skiing,Women's Giant Slalom,Germany,Women,2,silver,Martina Ertl-Renz,20
1994,Alpine Skiing,Women's Giant Slalom,Switzerland,Women,3,bronze,Vreni Schneider,29
1994,Alpine Skiing,Women's Slalom,Switzerland,Women,1,gold,Vreni Schneider,29
1994,Alpine Skiing,Women's Slalom,Austria,Women,2,silver,Elfi Eder,24
1994,Alpine Skiing,Women's Slalom,Slovenia,Women,3,bronze,Katja Koren,18
1994,Alpine Skiing,Women's Combined,Sweden,Women,1,gold,Pernilla Wiberg,23
1994,Alpine Skiing,Women's Combined,Switzerland,Women,2,silver,Vreni Schneider,29
1994,Alpine Skiing,Women's Combined,Slovenia,Women,3,bronze,Alenka Dovžan,18
1994,Biathlon,Men's 10-Kilometer Sprint,Russia,Men,1,gold,Sergey Chepikov,27
1994,Biathlon,Men's 10-Kilometer Sprint,Germany,Men,2,silver,Ricco Groß,23
1994,Biathlon,Men's 10-Kilometer Sprint,Russia,Men,3,bronze,Sergey Tarasov,28
1994,Biathlon,Men's 20 Kilometers,Russia,Men,1,gold,Sergey Tarasov,28
1994,Biathlon,Men's 20 Kilometers,Germany,Men,2,silver,Frank Luck,26
1994,Biathlon,Men's 20 Kilometers,Germany,Men,3,bronze,Sven Fischer,22
1994,Biathlon,Men's 4 × 7.5-Kilometer Relay,Germany,Men,1,gold,Germany,
1994,Biathlon,Men's 4 × 7.5-Kilometer Relay,Russia,Men,2,silver,Russia,
1994,Biathlon,Men's 4 × 7.5-Kilometer Relay,France,Men,3,bronze,France,
1994,Biathlon,Women's 7.5-Kilometer Sprint,Canada,Women,1,gold,Myriam Bédard,24
1994,Biathlon,Women's 7.5-Kilometer Sprint,Belarus,Women,2,silver,Svetlana Paramygina,28
1994,Biathlon,Women's 7.5-Kilometer Sprint,Ukraine,Women,3,bronze,Valentyna Tserbe-Nessina,25
1994,Biathlon,Women's 15 Kilometers,Canada,Women,1,gold,Myriam Bédard,24
1994,Biathlon,Women's 15 Kilometers,France,Women,2,silver,Anne Briand-Bouthiaux,25
1994,Biathlon,Women's 15 Kilometers,Germany,Women,3,bronze,Uschi Disl,23
1994,Biathlon,Women's 4 × 7.5-Kilometer Relay,Russia,Women,1,gold,Russia,
1994,Biathlon,Women's 4 × 7.5-Kilometer Relay,Germany,Women,2,silver,Germany,
1994,Biathlon,Women's 4 × 7.5-Kilometer Relay,France,Women,3,bronze,France,
1994,Bobsled,Men's Two,Switzerland,Men,1,gold,Switzerland-1,
1994,Bobsled,Men's Two,Switzerland,Men,2,silver,Switzerland-2,
1994,Bobsled,Men's Two,Italy,Men,3,bronze,Italy-1,
1994,Bobsled,Men's Four,Germany,Men,1,gold,Germany-2,
1994,Bobsled,Men's Four,Switzerland,Men,2,silver,Switzerland-1,
1994,Bobsled,Men's Four,Germany,Men,3,bronze,Germany-1,
1994,Cross-Country Skiing,Men's 10 Kilometers,Norway,Men,1,gold,Bjørn Dæhlie,26
1994,Cross-Country Skiing,Men's 10 Kilometers,Kazakhstan,Men,2,silver,Vladimir Smirnov,29
1994,Cross-Country Skiing,Men's 10 Kilometers,Italy,Men,3,bronze,Marco Albarello,33
1994,Cross-Country Skiing,Men's 30 Kilometers,Norway,Men,1,gold,Thomas Alsgaard,22
1994,Cross-Country Skiing,Men's 30 Kilometers,Norway,Men,2,silver,Bjørn Dæhlie,26
1994,Cross-Country Skiing,Men's 30 Kilometers,Finland,Men,3,bronze,Mika Myllylä,24
1994,Cross-Country Skiing,Men's 50 Kilometers,Kazakhstan,Men,1,gold,Vladimir Smirnov,29
1994,Cross-Country Skiing,Men's 50 Kilometers,Finland,Men,2,silver,Mika Myllylä,24
1994,Cross-Country Skiing,Men's 50 Kilometers,Norway,Men,3,bronze,Sture Sivertsen,27
1994,Cross-Country Skiing,Men's 10/15-Kilometer pursuit,Norway,Men,1,gold,Bjørn Dæhlie,26
1994,Cross-Country Skiing,Men's 10/15-Kilometer pursuit,Kazakhstan,Men,2,silver,Vladimir Smirnov,29
1994,Cross-Country Skiing,Men's 10/15-Kilometer pursuit,Italy,Men,3,bronze,Silvio Fauner,25
1994,Cross-Country Skiing,Men's 4 × 10-Kilometer Relay,Italy,Men,1,gold,Italy,
1994,Cross-Country Skiing,Men's 4 × 10-Kilometer Relay,Norway,Men,2,silver,Norway,
1994,Cross-Country Skiing,Men's 4 × 10-Kilometer Relay,Finland,Men,3,bronze,Finland,
1994,Cross-Country Skiing,Women's 5 Kilometers,Russia,Women,1,gold,Lyubov Yegorova,27
1994,Cross-Country Skiing,Women's 5 Kilometers,Italy,Women,2,silver,Manuela Di Centa,31
1994,Cross-Country Skiing,Women's 5 Kilometers,Finland,Women,3,bronze,Marja-Liisa Kirvesniemi-Hämäläinen,38
1994,Cross-Country Skiing,Women's 15 Kilometers,Italy,Women,1,gold,Manuela Di Centa,31
1994,Cross-Country Skiing,Women's 15 Kilometers,Russia,Women,2,silver,Lyubov Yegorova,27
1994,Cross-Country Skiing,Women's 15 Kilometers,Russia,Women,3,bronze,Nina Gavrylyuk,28
1994,Cross-Country Skiing,Women's 30 Kilometers,Italy,Women,1,gold,Manuela Di Centa,31
1994,Cross-Country Skiing,Women's 30 Kilometers,Norway,Women,2,silver,Marit Wold-Mikkelsplass,28
1994,Cross-Country Skiing,Women's 30 Kilometers,Finland,Women,3,bronze,Marja-Liisa Kirvesniemi-Hämäläinen,38
1994,Cross-Country Skiing,Women's 5/10-Kilometer pursuit,Russia,Women,1,gold,Lyubov Yegorova,27
1994,Cross-Country Skiing,Women's 5/10-Kilometer pursuit,Italy,Women,2,silver,Manuela Di Centa,31
1994,Cross-Country Skiing,Women's 5/10-Kilometer pursuit,Italy,Women,3,bronze,Stefania Belmondo,25
1994,Cross-Country Skiing,Women's 4 × 5-Kilometer Relay,Russia,Women,1,gold,Russia,
1994,Cross-Country Skiing,Women's 4 × 5-Kilometer Relay,Norway,Women,2,silver,Norway,
1994,Cross-Country Skiing,Women's 4 × 5-Kilometer Relay,Italy,Women,3,bronze,Italy,
1994,Figure Skating,Men's Singles,Russia,Men,1,gold,Aleksey Urmanov,20
1994,Figure Skating,Men's Singles,Canada,Men,2,silver,Elvis Stojko,21
1994,Figure Skating,Men's Singles,France,Men,3,bronze,Philippe Candeloro,21
1994,Figure Skating,Mixed Pairs,Russia,Mixed,1,gold,Russia-1,
1994,Figure Skating,Mixed Pairs,Russia,Mixed,2,silver,Russia-2,
1994,Figure Skating,Mixed Pairs,Canada,Mixed,3,bronze,Canada-1,
1994,Figure Skating,Mixed Ice Dancing,Russia,Mixed,1,gold,Russia-1,
1994,Figure Skating,Mixed Ice Dancing,Russia,Mixed,2,silver,Russia-2,
1994,Figure Skating,Mixed Ice Dancing,Britain,Mixed,3,bronze,Britain,
1994,Figure Skating,Women's Singles,Ukraine,Women,1,gold,Oksana Baiul,16
1994,Figure Skating,Women's Singles,USA,Women,2,silver,Nancy Kerrigan,24
1994,Figure Skating,Women's Singles,China,Women,3,bronze,Chen Lu,17
1994,Freestyle Skiing,Men's Moguls,Canada,Men,1,gold,Jean-Luc Brassard,21
1994,Freestyle Skiing,Men's Moguls,Russia,Men,2,silver,Sergey Shupletsov,23
1994,Freestyle Skiing,Men's Moguls,France,Men,3,bronze,Edgar Grospiron,24
1994,Freestyle Skiing,Men's Aerials,Switzerland,Men,1,gold,Sonny Schönbächler,27
1994,Freestyle Skiing,Men's Aerials,Canada,Men,2,silver,Philippe LaRoche,27
1994,Freestyle Skiing,Men's Aerials,Canada,Men,3,bronze,Lloyd Langlois,31
1994,Freestyle Skiing,Women's Moguls,Norway,Women,1,gold,Stine Lise Hattestad,27
1994,Freestyle Skiing,Women's Moguls,USA,Women,2,silver,Liz McIntyre,28
1994,Freestyle Skiing,Women's Moguls,Russia,Women,3,bronze,Yelizaveta Kozhevnikova,20
1994,Freestyle Skiing,Women's Aerials,Uzbekistan,Women,1,gold,Lina Cheryazova,25
1994,Freestyle Skiing,Women's Aerials,Sweden,Women,2,silver,Marie Lindgren,23
1994,Freestyle Skiing,Women's Aerials,Norway,Women,3,bronze,Hilde Synnøve Lid,22
1994,Ice Hockey,Men's Ice Hockey,Sweden,Men,1,gold,Sweden,
1994,Ice Hockey,Men's Ice Hockey,Canada,Men,2,silver,Canada,
1994,Ice Hockey,Men's Ice Hockey,Finland,Men,3,bronze,Finland,
1994,Luge,Men's Singles,Germany,Men,1,gold,Georg Hackl,27
1994,Luge,Men's Singles,Austria,Men,2,silver,Markus Prock,29
1994,Luge,Men's Singles,Italy,Men,3,bronze,Armin Zöggeler,20
1994,Luge,Men's Doubles,Italy,Men,1,gold,Italy-1,
1994,Luge,Men's Doubles,Italy,Men,2,silver,Italy-2,
1994,Luge,Men's Doubles,Germany,Men,3,bronze,Germany-1,
1994,Luge,Women's Singles,Italy,Women,1,gold,Gerda Weissensteiner,25
1994,Luge,Women's Singles,Germany,Women,2,silver,Susi Erdmann,26
1994,Luge,Women's Singles,Austria,Women,3,bronze,Andrea Tagwerker,23
1994,Nordic Combined,Men's Team,Japan,Men,1,gold,Japan,
1994,Nordic Combined,Men's Team,Norway,Men,2,silver,Norway,
1994,Nordic Combined,Men's Team,Switzerland,Men,3,bronze,Switzerland,
1994,Nordic Combined,Men's Individual,Norway,Men,1,gold,Fred Børre Lundberg,24
1994,Nordic Combined,Men's Individual,Japan,Men,2,silver,Takanori Kono,24
1994,Nordic Combined,Men's Individual,Norway,Men,3,bronze,Bjarte Engen Vik,22
1994,Short-Track Speedskating,Men's 500 Meters,South Korea,Men,1,gold,Chae Ji-Hun,19
1994,Short-Track Speedskating,Men's 500 Meters,Italy,Men,2,silver,Mirko Vuillermin,20
1994,Short-Track Speedskating,Men's 500 Meters,Britain,Men,3,bronze,Nicky Gooch,21
1994,Short-Track Speedskating,"Men's 1,000 Meters",South Korea,Men,1,gold,Kim Gi-Hun,26
1994,Short-Track Speedskating,"Men's 1,000 Meters",South Korea,Men,2,silver,Chae Ji-Hun,19
1994,Short-Track Speedskating,"Men's 1,000 Meters",Canada,Men,3,bronze,Marc Gagnon,18
1994,Short-Track Speedskating,"Men's 5,000-Meter Relay",Italy,Men,1,gold,Italy,
1994,Short-Track Speedskating,"Men's 5,000-Meter Relay",USA,Men,2,silver,USA,
1994,Short-Track Speedskating,"Men's 5,000-Meter Relay",Australia,Men,3,bronze,Australia,
1994,Short-Track Speedskating,Women's 500 Meters,USA,Women,1,gold,Cathy Turner,31
1994,Short-Track Speedskating,Women's 500 Meters,China,Women,2,silver,Zhang Yanmei,21
1994,Short-Track Speedskating,Women's 500 Meters,USA,Women,3,bronze,Amy Peterson,22
1994,Short-Track Speedskating,"Women's 1,000 Meters",South Korea,Women,1,gold,Jeon I-Gyeong,18
1994,Short-Track Speedskating,"Women's 1,000 Meters",Canada,Women,2,silver,Nathalie Lambert,30
1994,Short-Track Speedskating,"Women's 1,000 Meters",South Korea,Women,3,bronze,Kim So-Hui,17
1994,Short-Track Speedskating,"Women's 3,000-Meter Relay",South Korea,Women,1,gold,South Korea,
1994,Short-Track Speedskating,"Women's 3,000-Meter Relay",Canada,Women,2,silver,Canada,
1994,Short-Track Speedskating,"Women's 3,000-Meter Relay",USA,Women,3,bronze,USA,
1994,Ski Jumping,"Men's Normal Hill, Individual",Norway,Men,1,gold,Espen Bredesen,26
1994,Ski Jumping,"Men's Normal Hill, Individual",Norway,Men,2,silver,Lasse Ottesen,19
1994,Ski Jumping,"Men's Normal Hill, Individual",Germany,Men,3,bronze,Dieter Thoma,24
1994,Ski Jumping,"Men's Large Hill, Individual",Germany,Men,1,gold,Jens Weißflog,29
1994,Ski Jumping,"Men's Large Hill, Individual",Norway,Men,2,silver,Espen Bredesen,26
1994,Ski Jumping,"Men's Large Hill, Individual",Austria,Men,3,bronze,Andi Goldberger,21
1994,Ski Jumping,"Men's Large Hill, Team",Germany,Men,1,gold,Germany,
1994,Ski Jumping,"Men's Large Hill, Team",Japan,Men,2,silver,Japan,
1994,Ski Jumping,"Men's Large Hill, Team",Austria,Men,3,bronze,Austria,
1994,Speedskating,Men's 500 Meters,Russia,Men,1,gold,Aleksandr Golubyov,21
1994,Speedskating,Men's 500 Meters,Russia,Men,2,silver,Sergey Klevchenya,23
1994,Speedskating,Men's 500 Meters,Japan,Men,3,bronze,Manabu Horii,21
1994,Speedskating,"Men's 1,000 Meters",USA,Men,1,gold,Dan Jansen,28
1994,Speedskating,"Men's 1,000 Meters",Belarus,Men,2,silver,Igor Zhelezovsky,30
1994,Speedskating,"Men's 1,000 Meters",Russia,Men,3,bronze,Sergey Klevchenya,23
1994,Speedskating,"Men's 1,500 Meters",Norway,Men,1,gold,Johann Olav Koss,25
1994,Speedskating,"Men's 1,500 Meters",Netherlands,Men,2,silver,Rintje Ritsma,23
1994,Speedskating,"Men's 1,500 Meters",Netherlands,Men,3,bronze,Falko Zandstra,22
1994,Speedskating,"Men's 5,000 Meters",Norway,Men,1,gold,Johann Olav Koss,25
1994,Speedskating,"Men's 5,000 Meters",Norway,Men,2,silver,Kjell Storelid,23
1994,Speedskating,"Men's 5,000 Meters",Netherlands,Men,3,bronze,Rintje Ritsma,23
1994,Speedskating,"Men's 10,000 Meters",Norway,Men,1,gold,Johann Olav Koss,25
1994,Speedskating,"Men's 10,000 Meters",Norway,Men,2,silver,Kjell Storelid,23
1994,Speedskating,"Men's 10,000 Meters",Netherlands,Men,3,bronze,Bart Veldkamp,26
1994,Speedskating,Women's 500 Meters,USA,Women,1,gold,Bonnie Blair,29
1994,Speedskating,Women's 500 Meters,Canada,Women,2,silver,Susan Auch,27
1994,Speedskating,Women's 500 Meters,Germany,Women,3,bronze,Franziska Schenk,19
1994,Speedskating,"Women's 1,000 Meters",USA,Women,1,gold,Bonnie Blair,29
1994,Speedskating,"Women's 1,000 Meters",Germany,Women,2,silver,Anke Baier-Loef,21
1994,Speedskating,"Women's 1,000 Meters",China,Women,3,bronze,Ye Qiaobo,29
1994,Speedskating,"Women's 1,500 Meters",Austria,Women,1,gold,Emese Nemeth-Hunyady,27
1994,Speedskating,"Women's 1,500 Meters",Russia,Women,2,silver,Svetlana Fedotkina,26
1994,Speedskating,"Women's 1,500 Meters",Germany,Women,3,bronze,Gunda Niemann-Stirnemann-Kleemann,27
1994,Speedskating,"Women's 3,000 Meters",Russia,Women,1,gold,Svetlana Bazhanova,21
1994,Speedskating,"Women's 3,000 Meters",Austria,Women,2,silver,Emese Nemeth-Hunyady,27
1994,Speedskating,"Women's 3,000 Meters",Germany,Women,3,bronze,Claudia Pechstein,21
1994,Speedskating,"Women's 5,000 Meters",Germany,Women,1,gold,Claudia Pechstein,21
1994,Speedskating,"Women's 5,000 Meters",Germany,Women,2,silver,Gunda Niemann-Stirnemann-Kleemann,27
1994,Speedskating,"Women's 5,000 Meters",Japan,Women,3,bronze,Hiromi Yamamoto,23
1998,Alpine Skiing,Men's Downhill,France,Men,1,gold,Jean-Luc Crétier,31
1998,Alpine Skiing,Men's Downhill,Norway,Men,2,silver,Lasse Kjus,27
1998,Alpine Skiing,Men's Downhill,Austria,Men,3,bronze,Hannes Trinkl,30
1998,Alpine Skiing,Men's Super G,Austria,Men,1,gold,Hermann Maier,25
1998,Alpine Skiing,Men's Super G,Switzerland,Men,2,silver,Didier Cuche,23
1998,Alpine Skiing,Men's Super G,Austria,Men,2,silver,Hans Knauss,26
1998,Alpine Skiing,Men's Giant Slalom,Austria,Men,1,gold,Hermann Maier,25
1998,Alpine Skiing,Men's Giant Slalom,Austria,Men,2,silver,Stephan Eberharter,28
1998,Alpine Skiing,Men's Giant Slalom,Switzerland,Men,3,bronze,Michael von Grünigen,28
1998,Alpine Skiing,Men's Slalom,Norway,Men,1,gold,Hans Petter Buraas,22
1998,Alpine Skiing,Men's Slalom,Norway,Men,2,silver,Ole Kristian Furuseth,31
1998,Alpine Skiing,Men's Slalom,Austria,Men,3,bronze,Thomas Sykora,29
1998,Alpine Skiing,Men's Combined,Austria,Men,1,gold,Mario Reiter,27
1998,Alpine Skiing,Men's Combined,Norway,Men,2,silver,Lasse Kjus,27
1998,Alpine Skiing,Men's Combined,Austria,Men,3,bronze,Christian Mayer,26
1998,Alpine Skiing,Women's Downhill,Germany,Women,1,gold,Katja Seizinger,25
1998,Alpine Skiing,Women's Downhill,Sweden,Women,2,silver,Pernilla Wiberg,27
1998,Alpine Skiing,Women's Downhill,France,Women,3,bronze,Florence Masnada,29
1998,Alpine Skiing,Women's Super G,USA,Women,1,gold,Picabo Street,26
1998,Alpine Skiing,Women's Super G,Austria,Women,2,silver,Michaela Dorfmeister,24
1998,Alpine Skiing,Women's Super G,Austria,Women,3,bronze,Alexandra Meissnitzer,24
1998,Alpine Skiing,Women's Giant Slalom,Italy,Women,1,gold,Deborah Compagnoni,27
1998,Alpine Skiing,Women's Giant Slalom,Austria,Women,2,silver,Alexandra Meissnitzer,24
1998,Alpine Skiing,Women's Giant Slalom,Germany,Women,3,bronze,Katja Seizinger,25
1998,Alpine Skiing,Women's Slalom,Germany,Women,1,gold,Hilde Gerg,22
1998,Alpine Skiing,Women's Slalom,Italy,Women,2,silver,Deborah Compagnoni,27
1998,Alpine Skiing,Women's Slalom,Australia,Women,3,bronze,Zali Steggall,23
1998,Alpine Skiing,Women's Combined,Germany,Women,1,gold,Katja Seizinger,25
1998,Alpine Skiing,Women's Combined,Germany,Women,2,silver,Martina Ertl-Renz,24
1998,Alpine Skiing,Women's Combined,Germany,Women,3,bronze,Hilde Gerg,22
1998,Biathlon,Men's 10-Kilometer Sprint,Norway,Men,1,gold,Ole Einar Bjørndalen,24
1998,Biathlon,Men's 10-Kilometer Sprint,Norway,Men,2,silver,Frode Andresen,24
1998,Biathlon,Men's 10-Kilometer Sprint,Finland,Men,3,bronze,Ville Räikkönen,25
1998,Biathlon,Men's 20 Kilometers,Norway,Men,1,gold,Halvard Hanevold,28
1998,Biathlon,Men's 20 Kilometers,Italy,Men,2,silver,Pieralberto Carrara,31
1998,Biathlon,Men's 20 Kilometers,Belarus,Men,3,bronze,Aleksey Aydarov,23
1998,Biathlon,Men's 4 × 7.5-Kilometer Relay,Germany,Men,1,gold,Germany,
1998,Biathlon,Men's 4 × 7.5-Kilometer Relay,Norway,Men,2,silver,Norway,
1998,Biathlon,Men's 4 × 7.5-Kilometer Relay,Russia,Men,3,bronze,Russia,
1998,Biathlon,Women's 7.5-Kilometer Sprint,Russia,Women,1,gold,Galina Kukleva,25
1998,Biathlon,Women's 7.5-Kilometer Sprint,Germany,Women,2,silver,Uschi Disl,27
1998,Biathlon,Women's 7.5-Kilometer Sprint,Germany,Women,3,bronze,Katrin Apel,24
1998,Biathlon,Women's 15 Kilometers,Bulgaria,Women,1,gold,Ekaterina Dafovska,22
1998,Biathlon,Women's 15 Kilometers,Ukraine,Women,2,silver,Olena Petrova,25
1998,Biathlon,Women's 15 Kilometers,Germany,Women,3,bronze,Uschi Disl,27
1998,Biathlon,Women's 4 × 7.5-Kilometer Relay,Germany,Women,1,gold,Germany,
1998,Biathlon,Women's 4 × 7.5-Kilometer Relay,Russia,Women,2,silver,Russia,
1998,Biathlon,Women's 4 × 7.5-Kilometer Relay,Norway,Women,3,bronze,Norway,
1998,Bobsled,Men's Two,Italy,Men,1,gold,Italy-1,
1998,Bobsled,Men's Two,Canada,Men,1,gold,Canada-1,
1998,Bobsled,Men's Two,Germany,Men,3,bronze,Germany-1,
1998,Bobsled,Men's Four,Germany,Men,1,gold,Germany-2,
1998,Bobsled,Men's Four,Switzerland,Men,2,silver,Switzerland-1,
1998,Bobsled,Men's Four,Britain,Men,3,bronze,Britain,
1998,Bobsled,Men's Four,France,Men,3,bronze,France,
1998,Cross-Country Skiing,Men's 10 Kilometers,Norway,Men,1,gold,Bjørn Dæhlie,30
1998,Cross-Country Skiing,Men's 10 Kilometers,Austria,Men,2,silver,Markus Gandler,32
1998,Cross-Country Skiing,Men's 10 Kilometers,Finland,Men,3,bronze,Mika Myllylä,28
1998,Cross-Country Skiing,Men's 30 Kilometers,Finland,Men,1,gold,Mika Myllylä,28
1998,Cross-Country Skiing,Men's 30 Kilometers,Norway,Men,2,silver,Erling Jevne,31
1998,Cross-Country Skiing,Men's 30 Kilometers,Italy,Men,3,bronze,Silvio Fauner,29
1998,Cross-Country Skiing,Men's 50 Kilometers,Norway,Men,1,gold,Bjørn Dæhlie,30
1998,Cross-Country Skiing,Men's 50 Kilometers,Sweden,Men,2,silver,Niklas Jonsson,28
1998,Cross-Country Skiing,Men's 50 Kilometers,Austria,Men,3,bronze,Christian Hoffmann,23
1998,Cross-Country Skiing,Men's 10/15-Kilometer pursuit,Norway,Men,1,gold,Thomas Alsgaard,26
1998,Cross-Country Skiing,Men's 10/15-Kilometer pursuit,Norway,Men,2,silver,Bjørn Dæhlie,30
1998,Cross-Country Skiing,Men's 10/15-Kilometer pursuit,Kazakhstan,Men,3,bronze,Vladimir Smirnov,33
1998,Cross-Country Skiing,Men's 4 × 10-Kilometer Relay,Norway,Men,1,gold,Norway,
1998,Cross-Country Skiing,Men's 4 × 10-Kilometer Relay,Italy,Men,2,silver,Italy,
1998,Cross-Country Skiing,Men's 4 × 10-Kilometer Relay,Finland,Men,3,bronze,Finland,
1998,Cross-Country Skiing,Women's 5 Kilometers,Russia,Women,1,gold,Larisa Lazutina,32
1998,Cross-Country Skiing,Women's 5 Kilometers,Czech Republic,Women,2,silver,Kateřina Neumannová,24
1998,Cross-Country Skiing,Women's 5 Kilometers,Norway,Women,3,bronze,Bente Skari-Martinsen,25
1998,Cross-Country Skiing,Women's 15 Kilometers,Russia,Women,1,gold,Olga Danilova,27
1998,Cross-Country Skiing,Women's 15 Kilometers,Russia,Women,2,silver,Larisa Lazutina,32
1998,Cross-Country Skiing,Women's 15 Kilometers,Norway,Women,3,bronze,Anita Moen-Guidon,30
1998,Cross-Country Skiing,Women's 30 Kilometers,Russia,Women,1,gold,Yuliya Chepalova,21
1998,Cross-Country Skiing,Women's 30 Kilometers,Italy,Women,2,silver,Stefania Belmondo,29
1998,Cross-Country Skiing,Women's 30 Kilometers,Russia,Women,3,bronze,Larisa Lazutina,32
1998,Cross-Country Skiing,Women's 5/10-Kilometer pursuit,Russia,Women,1,gold,Larisa Lazutina,32
1998,Cross-Country Skiing,Women's 5/10-Kilometer pursuit,Russia,Women,2,silver,Olga Danilova,27
1998,Cross-Country Skiing,Women's 5/10-Kilometer pursuit,Czech Republic,Women,3,bronze,Kateřina Neumannová,24
1998,Cross-Country Skiing,Women's 4 × 5-Kilometer Relay,Russia,Women,1,gold,Russia,
1998,Cross-Country Skiing,Women's 4 × 5-Kilometer Relay,Norway,Women,2,silver,Norway,
1998,Cross-Country Skiing,Women's 4 × 5-Kilometer Relay,Italy,Women,3,bronze,Italy,
1998,Curling,Men's Curling,Switzerland,Men,1,gold,Switzerland,
1998,Curling,Men's Curling,Canada,Men,2,silver,Canada,
1998,Curling,Men's Curling,Norway,Men,3,bronze,Norway,
1998,Curling,Women's Curling,Canada,Women,1,gold,Canada,
1998,Curling,Women's Curling,Denmark,Women,2,silver,Denmark,
1998,Curling,Women's Curling,Sweden,Women,3,bronze,Sweden,
1998,Figure Skating,Men's Singles,Russia,Men,1,gold,Ilya Kulik,20
1998,Figure Skating,Men's Singles,Canada,Men,2,silver,Elvis Stojko,25
1998,Figure Skating,Men's Singles,France,Men,3,bronze,Philippe Candeloro,25
1998,Figure Skating,Mixed Pairs,Russia,Mixed,1,gold,Russia-1,
1998,Figure Skating,Mixed Pairs,Russia,Mixed,2,silver,Russia-2,
1998,Figure Skating,Mixed Pairs,Germany,Mixed,3,bronze,Germany-1,
1998,Figure Skating,Mixed Ice Dancing,Russia,Mixed,1,gold,Russia-1,
1998,Figure Skating,Mixed Ice Dancing,Russia,Mixed,2,silver,Russia-2,
1998,Figure Skating,Mixed Ice Dancing,France,Mixed,3,bronze,France-1,
1998,Figure Skating,Women's Singles,USA,Women,1,gold,Tara Lipinski,15
1998,Figure Skating,Women's Singles,USA,Women,2,silver,Michelle Kwan,17
1998,Figure Skating,Women's Singles,China,Women,3,bronze,Chen Lu,21
1998,Freestyle Skiing,Men's Moguls,USA,Men,1,gold,Jonny Moseley,22
1998,Freestyle Skiing,Men's Moguls,Finland,Men,2,silver,Janne Lahtela,23
1998,Freestyle Skiing,Men's Moguls,Finland,Men,3,bronze,Sami Mustonen,20
1998,Freestyle Skiing,Men's Aerials,USA,Men,1,gold,Eric Bergoust,28
1998,Freestyle Skiing,Men's Aerials,France,Men,2,silver,Sébastien Foucras,26
1998,Freestyle Skiing,Men's Aerials,Belarus,Men,3,bronze,Dmitry Dashchinsky,20
1998,Freestyle Skiing,Women's Moguls,Japan,Women,1,gold,Tae Satoya,21
1998,Freestyle Skiing,Women's Moguls,Germany,Women,2,silver,Tatjana Mittermayer,33
1998,Freestyle Skiing,Women's Moguls,Norway,Women,3,bronze,Kari Traa,24
1998,Freestyle Skiing,Women's Aerials,USA,Women,1,gold,Nikki Stone,27
1998,Freestyle Skiing,Women's Aerials,China,Women,2,silver,Xu Nannan,19
1998,Freestyle Skiing,Women's Aerials,Switzerland,Women,3,bronze,Colette Brand,30
1998,Ice Hockey,Men's Ice Hockey,Czech Republic,Men,1,gold,Czech Republic,
1998,Ice Hockey,Men's Ice Hockey,Russia,Men,2,silver,Russia,
1998,Ice Hockey,Men's Ice Hockey,Finland,Men,3,bronze,Finland,
1998,Ice Hockey,Women's Ice Hockey,USA,Women,1,gold,USA,
1998,Ice Hockey,Women's Ice Hockey,Canada,Women,2,silver,Canada,
1998,Ice Hockey,Women's Ice Hockey,Finland,Women,3,bronze,Finland,
1998,Luge,Men's Singles,Germany,Men,1,gold,Georg Hackl,31
1998,Luge,Men's Singles,Italy,Men,2,silver,Armin Zöggeler,24
1998,Luge,Men's Singles,Germany,Men,3,bronze,Jens Müller,32
1998,Luge,Men's Doubles,Germany,Men,1,gold,Germany-1,
1998,Luge,Men's Doubles,USA,Men,2,silver,USA-1,
1998,Luge,Men's Doubles,USA,Men,3,bronze,USA-2,
1998,Luge,Women's Singles,Germany,Women,1,gold,Silke Kraushaar,27
1998,Luge,Women's Singles,Germany,Women,2,silver,Barbara Niedernhuber,23
1998,Luge,Women's Singles,Austria,Women,3,bronze,Angelika Neuner,28
1998,Nordic Combined,Men's Team,Norway,Men,1,gold,Norway,
1998,Nordic Combined,Men's Team,Finland,Men,2,silver,Finland,
1998,Nordic Combined,Men's Team,France,Men,3,bronze,France,
1998,Nordic Combined,Men's Individual,Norway,Men,1,gold,Bjarte Engen Vik,26
1998,Nordic Combined,Men's Individual,Finland,Men,2,silver,Samppa Lajunen,18
1998,Nordic Combined,Men's Individual,Russia,Men,3,bronze,Valery Stolyarov,27
1998,Short-Track Speedskating,Men's 500 Meters,Japan,Men,1,gold,Takafumi Nishitani,19
1998,Short-Track Speedskating,Men's 500 Meters,China,Men,2,silver,An Yulong,19
1998,Short-Track Speedskating,Men's 500 Meters,Japan,Men,3,bronze,Hitoshi Uematsu,23
1998,Short-Track Speedskating,"Men's 1,000 Meters",South Korea,Men,1,gold,Kim Dong-Seong,17
1998,Short-Track Speedskating,"Men's 1,000 Meters",China,Men,2,silver,Li Jiajun,22
1998,Short-Track Speedskating,"Men's 1,000 Meters",Canada,Men,3,bronze,Éric Bédard,21
1998,Short-Track Speedskating,"Men's 5,000-Meter Relay",Canada,Men,1,gold,Canada,
1998,Short-Track Speedskating,"Men's 5,000-Meter Relay",South Korea,Men,2,silver,South Korea,
1998,Short-Track Speedskating,"Men's 5,000-Meter Relay",China,Men,3,bronze,China,
1998,Short-Track Speedskating,Women's 500 Meters,Canada,Women,1,gold,Annie Perreault,26
1998,Short-Track Speedskating,Women's 500 Meters,China,Women,2,silver,Yang Yang (S),20
1998,Short-Track Speedskating,Women's 500 Meters,South Korea,Women,3,bronze,Jeon I-Gyeong,22
1998,Short-Track Speedskating,"Women's 1,000 Meters",South Korea,Women,1,gold,Jeon I-Gyeong,22
1998,Short-Track Speedskating,"Women's 1,000 Meters",China,Women,2,silver,Yang Yang (S),20
1998,Short-Track Speedskating,"Women's 1,000 Meters",South Korea,Women,3,bronze,Won Hye-Gyeong,18
1998,Short-Track Speedskating,"Women's 3,000-Meter Relay",South Korea,Women,1,gold,South Korea,
1998,Short-Track Speedskating,"Women's 3,000-Meter Relay",China,Women,2,silver,China,
1998,Short-Track Speedskating,"Women's 3,000-Meter Relay",Canada,Women,3,bronze,Canada,
1998,Ski Jumping,"Men's Normal Hill, Individual",Finland,Men,1,gold,Jani Soininen,25
1998,Ski Jumping,"Men's Normal Hill, Individual",Japan,Men,2,silver,Kazuyoshi Funaki,22
1998,Ski Jumping,"Men's Normal Hill, Individual",Austria,Men,3,bronze,Andreas Widhölzl,21
1998,Ski Jumping,"Men's Large Hill, Individual",Japan,Men,1,gold,Kazuyoshi Funaki,22
1998,Ski Jumping,"Men's Large Hill, Individual",Finland,Men,2,silver,Jani Soininen,25
1998,Ski Jumping,"Men's Large Hill, Individual",Japan,Men,3,bronze,Masahiko Harada,29
1998,Ski Jumping,"Men's Large Hill, Team",Japan,Men,1,gold,Japan,
1998,Ski Jumping,"Men's Large Hill, Team",Germany,Men,2,silver,Germany,
1998,Ski Jumping,"Men's Large Hill, Team",Austria,Men,3,bronze,Austria,
1998,Snowboarding,Men's Giant Slalom,Canada,Men,1,gold,Ross Rebagliati,26
1998,Snowboarding,Men's Giant Slalom,Italy,Men,2,silver,Thomas Prugger,26
1998,Snowboarding,Men's Giant Slalom,Switzerland,Men,3,bronze,Ueli Kestenholz,22
1998,Snowboarding,Men's Halfpipe,Switzerland,Men,1,gold,Gian Simmen,20
1998,Snowboarding,Men's Halfpipe,Norway,Men,2,silver,Daniel Franck,23
1998,Snowboarding,Men's Halfpipe,USA,Men,3,bronze,Ross Powers,18
1998,Snowboarding,Women's Giant Slalom,France,Women,1,gold,Karine Ruby,20
1998,Snowboarding,Women's Giant Slalom,Germany,Women,2,silver,Heidi Renoth,19
1998,Snowboarding,Women's Giant Slalom,Austria,Women,3,bronze,Brigitte Köck,27
1998,Snowboarding,Women's Halfpipe,Germany,Women,1,gold,Nicola Thost,20
1998,Snowboarding,Women's Halfpipe,Norway,Women,2,silver,Stine Brun Kjeldaas,22
1998,Snowboarding,Women's Halfpipe,USA,Women,3,bronze,Shannon Dunn,25
1998,Speedskating,Men's 500 Meters,Japan,Men,1,gold,Hiroyasu Shimizu,23
1998,Speedskating,Men's 500 Meters,Canada,Men,2,silver,Jeremy Wotherspoon,21
1998,Speedskating,Men's 500 Meters,Canada,Men,3,bronze,Kevin Overland,23
1998,Speedskating,"Men's 1,000 Meters",Netherlands,Men,1,gold,Ids Postma,24
1998,Speedskating,"Men's 1,000 Meters",Netherlands,Men,2,silver,Jan Bos,22
1998,Speedskating,"Men's 1,000 Meters",Japan,Men,3,bronze,Hiroyasu Shimizu,23
1998,Speedskating,"Men's 1,500 Meters",Norway,Men,1,gold,Ådne Søndrål,26
1998,Speedskating,"Men's 1,500 Meters",Netherlands,Men,2,silver,Ids Postma,24
1998,Speedskating,"Men's 1,500 Meters",Netherlands,Men,3,bronze,Rintje Ritsma,27
1998,Speedskating,"Men's 5,000 Meters",Netherlands,Men,1,gold,Gianni Romme,24
1998,Speedskating,"Men's 5,000 Meters",Netherlands,Men,2,silver,Rintje Ritsma,27
1998,Speedskating,"Men's 5,000 Meters",Belgium,Men,3,bronze,Bart Veldkamp,30
1998,Speedskating,"Men's 10,000 Meters",Netherlands,Men,1,gold,Gianni Romme,24
1998,Speedskating,"Men's 10,000 Meters",Netherlands,Men,2,silver,Bob de Jong,21
1998,Speedskating,"Men's 10,000 Meters",Netherlands,Men,3,bronze,Rintje Ritsma,27
1998,Speedskating,Women's 500 Meters,Canada,Women,1,gold,Catriona Le May Doan,27
1998,Speedskating,Women's 500 Meters,Canada,Women,2,silver,Susan Auch,31
1998,Speedskating,Women's 500 Meters,Japan,Women,3,bronze,Tomomi Okazaki,26
1998,Speedskating,"Women's 1,000 Meters",Netherlands,Women,1,gold,Marianne Timmer,23
1998,Speedskating,"Women's 1,000 Meters",USA,Women,2,silver,Chris Witty,22
1998,Speedskating,"Women's 1,000 Meters",Canada,Women,3,bronze,Catriona Le May Doan,27
1998,Speedskating,"Women's 1,500 Meters",Netherlands,Women,1,gold,Marianne Timmer,23
1998,Speedskating,"Women's 1,500 Meters",Germany,Women,2,silver,Gunda Niemann-Stirnemann-Kleemann,31
1998,Speedskating,"Women's 1,500 Meters",USA,Women,3,bronze,Chris Witty,22
1998,Speedskating,"Women's 3,000 Meters",Germany,Women,1,gold,Gunda Niemann-Stirnemann-Kleemann,31
1998,Speedskating,"Women's 3,000 Meters",Germany,Women,2,silver,Claudia Pechstein,25
1998,Speedskating,"Women's 3,000 Meters",Germany,Women,3,bronze,Anni Friesinger-Postma,21
1998,Speedskating,"Women's 5,000 Meters",Germany,Women,1,gold,Claudia Pechstein,25
1998,Speedskating,"Women's 5,000 Meters",Germany,Women,2,silver,Gunda Niemann-Stirnemann-Kleemann,31
1998,Speedskating,"Women's 5,000 Meters",Kazakhstan,Women,3,bronze,Lyudmila Prokashova,29
2002,Alpine Skiing,Men's Downhill,Austria,Men,1,gold,Fritz Strobl,29
2002,Alpine Skiing,Men's Downhill,Norway,Men,2,silver,Lasse Kjus,31
2002,Alpine Skiing,Men's Downhill,Austria,Men,3,bronze,Stephan Eberharter,32
2002,Alpine Skiing,Men's Super G,Norway,Men,1,gold,Kjetil André Aamodt,30
2002,Alpine Skiing,Men's Super G,Austria,Men,2,silver,Stephan Eberharter,32
2002,Alpine Skiing,Men's Super G,Austria,Men,3,bronze,Andreas Schifferer,27
2002,Alpine Skiing,Men's Giant Slalom,Austria,Men,1,gold,Stephan Eberharter,32
2002,Alpine Skiing,Men's Giant Slalom,USA,Men,2,silver,Bode Miller,24
2002,Alpine Skiing,Men's Giant Slalom,Norway,Men,3,bronze,Lasse Kjus,31
2002,Alpine Skiing,Men's Slalom,France,Men,1,gold,Jean-Pierre Vidal,24
2002,Alpine Skiing,Men's Slalom,France,Men,2,silver,Sébastien Amiez,29
2002,Alpine Skiing,Men's Slalom,Austria,Men,3,bronze,Benjamin Raich,23
2002,Alpine Skiing,Men's Combined,Norway,Men,1,gold,Kjetil André Aamodt,30
2002,Alpine Skiing,Men's Combined,USA,Men,2,silver,Bode Miller,24
2002,Alpine Skiing,Men's Combined,Austria,Men,3,bronze,Benjamin Raich,23
2002,Alpine Skiing,Women's Downhill,France,Women,1,gold,Carole Montillet-Carles,28
2002,Alpine Skiing,Women's Downhill,Italy,Women,2,silver,Isolde Kostner,26
2002,Alpine Skiing,Women's Downhill,Austria,Women,3,bronze,Renate Götschl,26
2002,Alpine Skiing,Women's Super G,Italy,Women,1,gold,Daniela Ceccarelli,26
2002,Alpine Skiing,Women's Super G,Croatia,Women,2,silver,Janica Kostelić,20
2002,Alpine Skiing,Women's Super G,Italy,Women,3,bronze,Karen Putzer,23
2002,Alpine Skiing,Women's Giant Slalom,Croatia,Women,1,gold,Janica Kostelić,20
2002,Alpine Skiing,Women's Giant Slalom,Sweden,Women,2,silver,Anja Pärson,20
2002,Alpine Skiing,Women's Giant Slalom,Switzerland,Women,3,bronze,Sonja Nef,29
2002,Alpine Skiing,Women's Slalom,Croatia,Women,1,gold,Janica Kostelić,20
2002,Alpine Skiing,Women's Slalom,France,Women,2,silver,Laure Pequegnot,26
2002,Alpine Skiing,Women's Slalom,Sweden,Women,3,bronze,Anja Pärson,20
2002,Alpine Skiing,Women's Combined,Croatia,Women,1,gold,Janica Kostelić,20
2002,Alpine Skiing,Women's Combined,Austria,Women,2,silver,Renate Götschl,26
2002,Alpine Skiing,Women's Combined,Germany,Women,3,bronze,Martina Ertl-Renz,28
2002,Biathlon,Men's 10-Kilometer Sprint,Norway,Men,1,gold,Ole Einar Bjørndalen,28
2002,Biathlon,Men's 10-Kilometer Sprint,Germany,Men,2,silver,Sven Fischer,30
2002,Biathlon,Men's 10-Kilometer Sprint,Austria,Men,3,bronze,Wolfgang Perner,34
2002,Biathlon,Men's 12.5-Kilometer pursuit,Norway,Men,1,gold,Ole Einar Bjørndalen,28
2002,Biathlon,Men's 12.5-Kilometer pursuit,France,Men,2,silver,Raphaël Poirée,27
2002,Biathlon,Men's 12.5-Kilometer pursuit,Germany,Men,3,bronze,Ricco Groß,31
2002,Biathlon,Men's 20 Kilometers,Norway,Men,1,gold,Ole Einar Bjørndalen,28
2002,Biathlon,Men's 20 Kilometers,Germany,Men,2,silver,Frank Luck,34
2002,Biathlon,Men's 20 Kilometers,Russia,Men,3,bronze,Viktor Maygurov,33
2002,Biathlon,Men's 4 × 7.5-Kilometer Relay,Norway,Men,1,gold,Norway,
2002,Biathlon,Men's 4 × 7.5-Kilometer Relay,Germany,Men,2,silver,Germany,
2002,Biathlon,Men's 4 × 7.5-Kilometer Relay,France,Men,3,bronze,France,
2002,Biathlon,Women's 7.5-Kilometer Sprint,Germany,Women,1,gold,Kati Wilhelm,25
2002,Biathlon,Women's 7.5-Kilometer Sprint,Germany,Women,2,silver,Uschi Disl,31
2002,Biathlon,Women's 7.5-Kilometer Sprint,Sweden,Women,3,bronze,Magdalena Wallin-Forsberg,34
2002,Biathlon,Women's 10-Kilometer pursuit,Russia,Women,1,gold,Olga Pylyova-Medvedtseva,26
2002,Biathlon,Women's 10-Kilometer pursuit,Germany,Women,2,silver,Kati Wilhelm,25
2002,Biathlon,Women's 10-Kilometer pursuit,Bulgaria,Women,3,bronze,Irina Nikulchina,27
2002,Biathlon,Women's 15 Kilometers,Germany,Women,1,gold,Andrea Henkel,24
2002,Biathlon,Women's 15 Kilometers,Norway,Women,2,silver,Liv Grete Skjelbreid-Poirée,27
2002,Biathlon,Women's 15 Kilometers,Sweden,Women,3,bronze,Magdalena Wallin-Forsberg,34
2002,Biathlon,Women's 4 × 7.5-Kilometer Relay,Germany,Women,1,gold,Germany,
2002,Biathlon,Women's 4 × 7.5-Kilometer Relay,Norway,Women,2,silver,Norway,
2002,Biathlon,Women's 4 × 7.5-Kilometer Relay,Russia,Women,3,bronze,Russia,
2002,Bobsled,Men's Two,Germany,Men,1,gold,Germany-1,
2002,Bobsled,Men's Two,Switzerland,Men,2,silver,Switzerland-1,
2002,Bobsled,Men's Two,Switzerland,Men,3,bronze,Switzerland-2,
2002,Bobsled,Men's Four,Germany,Men,1,gold,Germany-2,
2002,Bobsled,Men's Four,USA,Men,2,silver,USA-1,
2002,Bobsled,Men's Four,USA,Men,3,bronze,USA-2,
2002,Bobsled,Women's Two,USA,Women,1,gold,USA-2,
2002,Bobsled,Women's Two,Germany,Women,2,silver,Germany-1,
2002,Bobsled,Women's Two,Germany,Women,3,bronze,Germany-2,
2002,Cross-Country Skiing,Men's Sprint,Norway,Men,1,gold,Tor-Arne Hetland,28
2002,Cross-Country Skiing,Men's Sprint,Germany,Men,2,silver,Peter Schlickenrieder,31
2002,Cross-Country Skiing,Men's Sprint,Italy,Men,3,bronze,Cristian Zorzi,29
2002,Cross-Country Skiing,Men's 15 Kilometers,Estonia,Men,1,gold,Andrus Veerpalu,31
2002,Cross-Country Skiing,Men's 15 Kilometers,Norway,Men,2,silver,Frode Estil,29
2002,Cross-Country Skiing,Men's 15 Kilometers,Estonia,Men,3,bronze,Jaak Mae,29
2002,Cross-Country Skiing,Men's 30 Kilometers,Austria,Men,1,gold,Christian Hoffmann,27
2002,Cross-Country Skiing,Men's 30 Kilometers,Austria,Men,2,silver,Mikhail Botvinov,34
2002,Cross-Country Skiing,Men's 30 Kilometers,Norway,Men,3,bronze,Kristen Skjeldal,34
2002,Cross-Country Skiing,Men's 50 Kilometers,Russia,Men,1,gold,Mikhail Ivanov,24
2002,Cross-Country Skiing,Men's 50 Kilometers,Estonia,Men,2,silver,Andrus Veerpalu,31
2002,Cross-Country Skiing,Men's 50 Kilometers,Norway,Men,3,bronze,Odd-Bjørn Hjelmeset,30
2002,Cross-Country Skiing,Men's 10/10-Kilometer pursuit,Norway,Men,1,gold,Frode Estil,29
2002,Cross-Country Skiing,Men's 10/10-Kilometer pursuit,Norway,Men,1,gold,Thomas Alsgaard,30
2002,Cross-Country Skiing,Men's 10/10-Kilometer pursuit,Sweden,Men,3,bronze,Per Elofsson,24
2002,Cross-Country Skiing,Men's 4 × 10-Kilometer Relay,Norway,Men,1,gold,Norway,
2002,Cross-Country Skiing,Men's 4 × 10-Kilometer Relay,Italy,Men,2,silver,Italy,
2002,Cross-Country Skiing,Men's 4 × 10-Kilometer Relay,Germany,Men,3,bronze,Germany,
2002,Cross-Country Skiing,Women's Sprint,Russia,Women,1,gold,Yuliya Chepalova,25
2002,Cross-Country Skiing,Women's Sprint,Germany,Women,2,silver,Evi Sachenbacher-Stehle,21
2002,Cross-Country Skiing,Women's Sprint,Norway,Women,3,bronze,Anita Moen-Guidon,34
2002,Cross-Country Skiing,Women's 10 Kilometers,Norway,Women,1,gold,Bente Skari-Martinsen,29
2002,Cross-Country Skiing,Women's 10 Kilometers,Russia,Women,2,silver,Yuliya Chepalova,25
2002,Cross-Country Skiing,Women's 10 Kilometers,Italy,Women,3,bronze,Stefania Belmondo,33
2002,Cross-Country Skiing,Women's 15 Kilometers,Italy,Women,1,gold,Stefania Belmondo,33
2002,Cross-Country Skiing,Women's 15 Kilometers,Czech Republic,Women,2,silver,Kateřina Neumannová,28
2002,Cross-Country Skiing,Women's 15 Kilometers,Russia,Women,3,bronze,Yuliya Chepalova,25
2002,Cross-Country Skiing,Women's 30 Kilometers,Italy,Women,1,gold,Gabriella Paruzzi,32
2002,Cross-Country Skiing,Women's 30 Kilometers,Italy,Women,2,silver,Stefania Belmondo,33
2002,Cross-Country Skiing,Women's 30 Kilometers,Norway,Women,3,bronze,Bente Skari-Martinsen,29
2002,Cross-Country Skiing,Women's 5/5-Kilometer pursuit,Canada,Women,1,gold,Beckie Scott,27
2002,Cross-Country Skiing,Women's 5/5-Kilometer pursuit,Czech Republic,Women,2,silver,Kateřina Neumannová,28
2002,Cross-Country Skiing,Women's 5/5-Kilometer pursuit,Germany,Women,3,bronze,Viola Bauer,25
2002,Cross-Country Skiing,Women's 4 × 5-Kilometer Relay,Germany,Women,1,gold,Germany,
2002,Cross-Country Skiing,Women's 4 × 5-Kilometer Relay,Norway,Women,2,silver,Norway,
2002,Cross-Country Skiing,Women's 4 × 5-Kilometer Relay,Switzerland,Women,3,bronze,Switzerland,
2002,Curling,Men's Curling,Norway,Men,1,gold,Norway,
2002,Curling,Men's Curling,Canada,Men,2,silver,Canada,
2002,Curling,Men's Curling,Switzerland,Men,3,bronze,Switzerland,
2002,Curling,Women's Curling,Britain,Women,1,gold,Britain,
2002,Curling,Women's Curling,Switzerland,Women,2,silver,Switzerland,
2002,Curling,Women's Curling,Canada,Women,3,bronze,Canada,
2002,Figure Skating,Men's Singles,Russia,Men,1,gold,Aleksey Yagudin,21
2002,Figure Skating,Men's Singles,Russia,Men,2,silver,Yevgeny Plyushchenko,19
2002,Figure Skating,Men's Singles,USA,Men,3,bronze,Timothy Goebel,21
2002,Figure Skating,Mixed Pairs,Russia,Mixed,1,gold,Russia-1,
2002,Figure Skating,Mixed Pairs,Canada,Mixed,1,gold,Canada-1,
2002,Figure Skating,Mixed Pairs,China,Mixed,3,bronze,China-1,
2002,Figure Skating,Mixed Ice Dancing,France,Mixed,1,gold,France-1,
2002,Figure Skating,Mixed Ice Dancing,Russia,Mixed,2,silver,Russia-1,
2002,Figure Skating,Mixed Ice Dancing,Italy,Mixed,3,bronze,Italy-1,
2002,Figure Skating,Women's Singles,USA,Women,1,gold,Sarah Hughes,16
2002,Figure Skating,Women's Singles,Russia,Women,2,silver,Irina Slutskaya,23
2002,Figure Skating,Women's Singles,USA,Women,3,bronze,Michelle Kwan,21
2002,Freestyle Skiing,Men's Moguls,Finland,Men,1,gold,Janne Lahtela,27
2002,Freestyle Skiing,Men's Moguls,USA,Men,2,silver,Travis Mayer,19
2002,Freestyle Skiing,Men's Moguls,France,Men,3,bronze,Richard Gay,30
2002,Freestyle Skiing,Men's Aerials,Czech Republic,Men,1,gold,Aleš Valenta,29
2002,Freestyle Skiing,Men's Aerials,USA,Men,2,silver,Joe Pack,23
2002,Freestyle Skiing,Men's Aerials,Belarus,Men,3,bronze,Aleksey Grishin,22
2002,Freestyle Skiing,Women's Moguls,Norway,Women,1,gold,Kari Traa,28
2002,Freestyle Skiing,Women's Moguls,USA,Women,2,silver,Shannon Bahrke,21
2002,Freestyle Skiing,Women's Moguls,Japan,Women,3,bronze,Tae Satoya,25
2002,Freestyle Skiing,Women's Aerials,Australia,Women,1,gold,Alisa Camplin,27
2002,Freestyle Skiing,Women's Aerials,Canada,Women,2,silver,Veronica Brenner,27
2002,Freestyle Skiing,Women's Aerials,Canada,Women,3,bronze,Deidra Dionne,20
2002,Ice Hockey,Men's Ice Hockey,Canada,Men,1,gold,Canada,
2002,Ice Hockey,Men's Ice Hockey,USA,Men,2,silver,USA,
2002,Ice Hockey,Men's Ice Hockey,Russia,Men,3,bronze,Russia,
2002,Ice Hockey,Women's Ice Hockey,Canada,Women,1,gold,Canada,
2002,Ice Hockey,Women's Ice Hockey,USA,Women,2,silver,USA,
2002,Ice Hockey,Women's Ice Hockey,Sweden,Women,3,bronze,Sweden,
2002,Luge,Men's Singles,Italy,Men,1,gold,Armin Zöggeler,28
2002,Luge,Men's Singles,Germany,Men,2,silver,Georg Hackl,35
2002,Luge,Men's Singles,Austria,Men,3,bronze,Markus Prock,37
2002,Luge,Men's Doubles,Germany,Men,1,gold,Germany-2,
2002,Luge,Men's Doubles,USA,Men,2,silver,USA-2,
2002,Luge,Men's Doubles,USA,Men,3,bronze,USA-1,
2002,Luge,Women's Singles,Germany,Women,1,gold,Sylke Otto,32
2002,Luge,Women's Singles,Germany,Women,2,silver,Barbara Niedernhuber,27
2002,Luge,Women's Singles,Germany,Women,3,bronze,Silke Kraushaar,31
2002,Nordic Combined,Men's Team,Finland,Men,1,gold,Finland,
2002,Nordic Combined,Men's Team,Germany,Men,2,silver,Germany,
2002,Nordic Combined,Men's Team,Austria,Men,3,bronze,Austria,
2002,Nordic Combined,Men's Individual,Finland,Men,1,gold,Samppa Lajunen,22
2002,Nordic Combined,Men's Individual,Finland,Men,2,silver,Jaakko Tallus,20
2002,Nordic Combined,Men's Individual,Austria,Men,3,bronze,Felix Gottwald,26
2002,Nordic Combined,Men's Sprint,Finland,Men,1,gold,Samppa Lajunen,22
2002,Nordic Combined,Men's Sprint,Germany,Men,2,silver,Ronny Ackermann,24
2002,Nordic Combined,Men's Sprint,Austria,Men,3,bronze,Felix Gottwald,26
2002,Short-Track Speedskating,Men's 500 Meters,Canada,Men,1,gold,Marc Gagnon,26
2002,Short-Track Speedskating,Men's 500 Meters,Canada,Men,2,silver,Jonathan Guilmette,23
2002,Short-Track Speedskating,Men's 500 Meters,USA,Men,3,bronze,Rusty Smith,22
2002,Short-Track Speedskating,"Men's 1,000 Meters",Australia,Men,1,gold,Steven Bradbury,28
2002,Short-Track Speedskating,"Men's 1,000 Meters",USA,Men,2,silver,Apolo Anton Ohno,19
2002,Short-Track Speedskating,"Men's 1,000 Meters",Canada,Men,3,bronze,Mathieu Turcotte,25
2002,Short-Track Speedskating,"Men's 1,500 Meters",USA,Men,1,gold,Apolo Anton Ohno,19
2002,Short-Track Speedskating,"Men's 1,500 Meters",China,Men,2,silver,Li Jiajun,26
2002,Short-Track Speedskating,"Men's 1,500 Meters",Canada,Men,3,bronze,Marc Gagnon,26
2002,Short-Track Speedskating,"Men's 5,000-Meter Relay",Canada,Men,1,gold,Canada,
2002,Short-Track Speedskating,"Men's 5,000-Meter Relay",Italy,Men,2,silver,Italy,
2002,Short-Track Speedskating,"Men's 5,000-Meter Relay",China,Men,3,bronze,China,
2002,Short-Track Speedskating,Women's 500 Meters,China,Women,1,gold,Yang Yang (A),25
2002,Short-Track Speedskating,Women's 500 Meters,Bulgaria,Women,2,silver,Evgeniya Radanova,24
2002,Short-Track Speedskating,Women's 500 Meters,China,Women,3,bronze,Wang Chunlu,23
2002,Short-Track Speedskating,"Women's 1,000 Meters",China,Women,1,gold,Yang Yang (A),25
2002,Short-Track Speedskating,"Women's 1,000 Meters",South Korea,Women,2,silver,Go Gi-Hyeon,15
2002,Short-Track Speedskating,"Women's 1,000 Meters",China,Women,3,bronze,Yang Yang (S),24
2002,Short-Track Speedskating,"Women's 1,500 Meters",South Korea,Women,1,gold,Go Gi-Hyeon,15
2002,Short-Track Speedskating,"Women's 1,500 Meters",South Korea,Women,2,silver,Choi Eun-Gyeong,17
2002,Short-Track Speedskating,"Women's 1,500 Meters",Bulgaria,Women,3,bronze,Evgeniya Radanova,24
2002,Short-Track Speedskating,"Women's 3,000-Meter Relay",South Korea,Women,1,gold,South Korea,
2002,Short-Track Speedskating,"Women's 3,000-Meter Relay",China,Women,2,silver,China,
2002,Short-Track Speedskating,"Women's 3,000-Meter Relay",Canada,Women,3,bronze,Canada,
2002,Skeleton,Men's Skeleton,USA,Men,1,gold,"Jim Shea, Jr.",33
2002,Skeleton,Men's Skeleton,Austria,Men,2,silver,Martin Rettl,28
2002,Skeleton,Men's Skeleton,Switzerland,Men,3,bronze,Gregor Stähli,33
2002,Skeleton,Women's Skeleton,USA,Women,1,gold,Tristan Gale,21
2002,Skeleton,Women's Skeleton,USA,Women,2,silver,Lea Ann Parsley,33
2002,Skeleton,Women's Skeleton,Britain,Women,3,bronze,Alex Coomber,28
2002,Ski Jumping,"Men's Normal Hill, Individual",Switzerland,Men,1,gold,Simon Ammann,20
2002,Ski Jumping,"Men's Normal Hill, Individual",Germany,Men,2,silver,Sven Hannawald,27
2002,Ski Jumping,"Men's Normal Hill, Individual",Poland,Men,3,bronze,Adam Małysz,24
2002,Ski Jumping,"Men's Large Hill, Individual",Switzerland,Men,1,gold,Simon Ammann,20
2002,Ski Jumping,"Men's Large Hill, Individual",Poland,Men,2,silver,Adam Małysz,24
2002,Ski Jumping,"Men's Large Hill, Individual",Finland,Men,3,bronze,Matti Hautamäki,20
2002,Ski Jumping,"Men's Large Hill, Team",Germany,Men,1,gold,Germany,
2002,Ski Jumping,"Men's Large Hill, Team",Finland,Men,2,silver,Finland,
2002,Ski Jumping,"Men's Large Hill, Team",Slovenia,Men,3,bronze,Slovenia,
2002,Snowboarding,Men's Parallel Giant Slalom,Switzerland,Men,1,gold,Philipp Schoch,22
2002,Snowboarding,Men's Parallel Giant Slalom,Sweden,Men,2,silver,Richard Richardsson,28
2002,Snowboarding,Men's Parallel Giant Slalom,USA,Men,3,bronze,Chris Klug,29
2002,Snowboarding,Men's Halfpipe,USA,Men,1,gold,Ross Powers,22
2002,Snowboarding,Men's Halfpipe,USA,Men,2,silver,Danny Kass,19
2002,Snowboarding,Men's Halfpipe,USA,Men,3,bronze,JJ Thomas,20
2002,Snowboarding,Women's Parallel Giant Slalom,France,Women,1,gold,Isabelle Blanc,26
2002,Snowboarding,Women's Parallel Giant Slalom,France,Women,2,silver,Karine Ruby,24
2002,Snowboarding,Women's Parallel Giant Slalom,Italy,Women,3,bronze,Lidia Trettel,28
2002,Snowboarding,Women's Halfpipe,USA,Women,1,gold,Kelly Clark,18
2002,Snowboarding,Women's Halfpipe,France,Women,2,silver,Doriane Vidal,25
2002,Snowboarding,Women's Halfpipe,Switzerland,Women,3,bronze,Fabienne Reuteler,22
2002,Speedskating,Men's 500 Meters,USA,Men,1,gold,Casey FitzRandolph,27
2002,Speedskating,Men's 500 Meters,Japan,Men,2,silver,Hiroyasu Shimizu,27
2002,Speedskating,Men's 500 Meters,USA,Men,3,bronze,Kip Carpenter,22
2002,Speedskating,"Men's 1,000 Meters",Netherlands,Men,1,gold,Gerard van Velde,30
2002,Speedskating,"Men's 1,000 Meters",Netherlands,Men,2,silver,Jan Bos,26
2002,Speedskating,"Men's 1,000 Meters",USA,Men,3,bronze,Joey Cheek,22
2002,Speedskating,"Men's 1,500 Meters",USA,Men,1,gold,Derek Parra,31
2002,Speedskating,"Men's 1,500 Meters",Netherlands,Men,2,silver,Jochem Uytdehaage,25
2002,Speedskating,"Men's 1,500 Meters",Norway,Men,3,bronze,Ådne Søndrål,30
2002,Speedskating,"Men's 5,000 Meters",Netherlands,Men,1,gold,Jochem Uytdehaage,25
2002,Speedskating,"Men's 5,000 Meters",USA,Men,2,silver,Derek Parra,31
2002,Speedskating,"Men's 5,000 Meters",Germany,Men,3,bronze,Jens Boden,23
2002,Speedskating,"Men's 10,000 Meters",Netherlands,Men,1,gold,Jochem Uytdehaage,25
2002,Speedskating,"Men's 10,000 Meters",Netherlands,Men,2,silver,Gianni Romme,28
2002,Speedskating,"Men's 10,000 Meters",Norway,Men,3,bronze,Lasse Sætre,27
2002,Speedskating,Women's 500 Meters,Canada,Women,1,gold,Catriona Le May Doan,31
2002,Speedskating,Women's 500 Meters,Germany,Women,2,silver,Monique Garbrecht-Enfeldt,33
2002,Speedskating,Women's 500 Meters,Germany,Women,3,bronze,Sabine Völker,28
2002,Speedskating,"Women's 1,000 Meters",USA,Women,1,gold,Chris Witty,26
2002,Speedskating,"Women's 1,000 Meters",Germany,Women,2,silver,Sabine Völker,28
2002,Speedskating,"Women's 1,000 Meters",USA,Women,3,bronze,Jennifer Rodriguez,25
2002,Speedskating,"Women's 1,500 Meters",Germany,Women,1,gold,Anni Friesinger-Postma,25
2002,Speedskating,"Women's 1,500 Meters",Germany,Women,2,silver,Sabine Völker,28
2002,Speedskating,"Women's 1,500 Meters",USA,Women,3,bronze,Jennifer Rodriguez,25
2002,Speedskating,"Women's 3,000 Meters",Germany,Women,1,gold,Claudia Pechstein,29
2002,Speedskating,"Women's 3,000 Meters",Netherlands,Women,2,silver,Renate Groenewold,25
2002,Speedskating,"Women's 3,000 Meters",Canada,Women,3,bronze,Cindy Klassen,22
2002,Speedskating,"Women's 5,000 Meters",Germany,Women,1,gold,Claudia Pechstein,29
2002,Speedskating,"Women's 5,000 Meters",Netherlands,Women,2,silver,Gretha Smit,26
2002,Speedskating,"Women's 5,000 Meters",Canada,Women,3,bronze,Clara Hughes,29
2006,Alpine Skiing,Men's Downhill,France,Men,1,gold,Antoine Dénériaz,29
2006,Alpine Skiing,Men's Downhill,Austria,Men,2,silver,Michael Walchhofer,30
2006,Alpine Skiing,Men's Downhill,Switzerland,Men,3,bronze,Bruno Kernen,33
2006,Alpine Skiing,Men's Super G,Norway,Men,1,gold,Kjetil André Aamodt,34
2006,Alpine Skiing,Men's Super G,Austria,Men,2,silver,Hermann Maier,33
2006,Alpine Skiing,Men's Super G,Switzerland,Men,3,bronze,Ambrosi Hoffmann,28
2006,Alpine Skiing,Men's Giant Slalom,Austria,Men,1,gold,Benjamin Raich,27
2006,Alpine Skiing,Men's Giant Slalom,France,Men,2,silver,Joël Chenal,32
2006,Alpine Skiing,Men's Giant Slalom,Austria,Men,3,bronze,Hermann Maier,33
2006,Alpine Skiing,Men's Slalom,Austria,Men,1,gold,Benjamin Raich,27
2006,Alpine Skiing,Men's Slalom,Austria,Men,2,silver,Reinfried Herbst,27
2006,Alpine Skiing,Men's Slalom,Austria,Men,3,bronze,Rainer Schönfelder,28
2006,Alpine Skiing,Men's Combined,USA,Men,1,gold,Ted Ligety,21
2006,Alpine Skiing,Men's Combined,Croatia,Men,2,silver,Ivica Kostelić,26
2006,Alpine Skiing,Men's Combined,Austria,Men,3,bronze,Rainer Schönfelder,28
2006,Alpine Skiing,Women's Downhill,Austria,Women,1,gold,Michaela Dorfmeister,32
2006,Alpine Skiing,Women's Downhill,Switzerland,Women,2,silver,Martina Schild,24
2006,Alpine Skiing,Women's Downhill,Sweden,Women,3,bronze,Anja Pärson,24
2006,Alpine Skiing,Women's Super G,Austria,Women,1,gold,Michaela Dorfmeister,32
2006,Alpine Skiing,Women's Super G,Croatia,Women,2,silver,Janica Kostelić,24
2006,Alpine Skiing,Women's Super G,Austria,Women,3,bronze,Alexandra Meissnitzer,32
2006,Alpine Skiing,Women's Giant Slalom,USA,Women,1,gold,Julia Mancuso,21
2006,Alpine Skiing,Women's Giant Slalom,Finland,Women,2,silver,Tanja Poutiainen,25
2006,Alpine Skiing,Women's Giant Slalom,Sweden,Women,3,bronze,Anna Ottosson,29
2006,Alpine Skiing,Women's Slalom,Sweden,Women,1,gold,Anja Pärson,24
2006,Alpine Skiing,Women's Slalom,Austria,Women,2,silver,Nicole Hosp,22
2006,Alpine Skiing,Women's Slalom,Austria,Women,3,bronze,Marlies Schild,24
2006,Alpine Skiing,Women's Combined,Croatia,Women,1,gold,Janica Kostelić,24
2006,Alpine Skiing,Women's Combined,Austria,Women,2,silver,Marlies Schild,24
2006,Alpine Skiing,Women's Combined,Sweden,Women,3,bronze,Anja Pärson,24
2006,Biathlon,Men's 10-Kilometer Sprint,Germany,Men,1,gold,Sven Fischer,34
2006,Biathlon,Men's 10-Kilometer Sprint,Norway,Men,2,silver,Halvard Hanevold,36
2006,Biathlon,Men's 10-Kilometer Sprint,Norway,Men,3,bronze,Frode Andresen,32
2006,Biathlon,Men's 12.5-Kilometer pursuit,France,Men,1,gold,Vincent Defrasne,28
2006,Biathlon,Men's 12.5-Kilometer pursuit,Norway,Men,2,silver,Ole Einar Bjørndalen,32
2006,Biathlon,Men's 12.5-Kilometer pursuit,Germany,Men,3,bronze,Sven Fischer,34
2006,Biathlon,Men's 15-Kilometer Mass Start,Germany,Men,1,gold,Michael Greis,29
2006,Biathlon,Men's 15-Kilometer Mass Start,Poland,Men,2,silver,Tomasz Sikora,32
2006,Biathlon,Men's 15-Kilometer Mass Start,Norway,Men,3,bronze,Ole Einar Bjørndalen,32
2006,Biathlon,Men's 20 Kilometers,Germany,Men,1,gold,Michael Greis,29
2006,Biathlon,Men's 20 Kilometers,Norway,Men,2,silver,Ole Einar Bjørndalen,32
2006,Biathlon,Men's 20 Kilometers,Norway,Men,3,bronze,Halvard Hanevold,36
2006,Biathlon,Men's 4 × 7.5-Kilometer Relay,Germany,Men,1,gold,Germany,
2006,Biathlon,Men's 4 × 7.5-Kilometer Relay,Russia,Men,2,silver,Russia,
2006,Biathlon,Men's 4 × 7.5-Kilometer Relay,France,Men,3,bronze,France,
2006,Biathlon,Women's 7.5-Kilometer Sprint,France,Women,1,gold,Florence Baverel-Robert,31
2006,Biathlon,Women's 7.5-Kilometer Sprint,Sweden,Women,2,silver,Anna-Carin Olofsson-Zidek,32
2006,Biathlon,Women's 7.5-Kilometer Sprint,Ukraine,Women,3,bronze,Liliya Yefremova,28
2006,Biathlon,Women's 10-Kilometer pursuit,Germany,Women,1,gold,Kati Wilhelm,29
2006,Biathlon,Women's 10-Kilometer pursuit,Germany,Women,2,silver,Martina Glagow-Beck,26
2006,Biathlon,Women's 10-Kilometer pursuit,Russia,Women,3,bronze,Albina Akhatova,29
2006,Biathlon,Women's 12.5-Kilometer Mass Start,Sweden,Women,1,gold,Anna-Carin Olofsson-Zidek,32
2006,Biathlon,Women's 12.5-Kilometer Mass Start,Germany,Women,2,silver,Kati Wilhelm,29
2006,Biathlon,Women's 12.5-Kilometer Mass Start,Germany,Women,3,bronze,Uschi Disl,35
2006,Biathlon,Women's 15 Kilometers,Russia,Women,1,gold,Svetlana Ishmuratova,33
2006,Biathlon,Women's 15 Kilometers,Germany,Women,2,silver,Martina Glagow-Beck,26
2006,Biathlon,Women's 15 Kilometers,Russia,Women,3,bronze,Albina Akhatova,29
2006,Biathlon,Women's 4 × 6-Kilometer Relay,Russia,Women,1,gold,Russia,
2006,Biathlon,Women's 4 × 6-Kilometer Relay,Germany,Women,2,silver,Germany,
2006,Biathlon,Women's 4 × 6-Kilometer Relay,France,Women,3,bronze,France,
2006,Bobsled,Men's Two,Germany,Men,1,gold,Germany-1,
2006,Bobsled,Men's Two,Canada,Men,2,silver,Canada-1,
2006,Bobsled,Men's Two,Switzerland,Men,3,bronze,Switzerland-1,
2006,Bobsled,Men's Four,Germany,Men,1,gold,Germany-1,
2006,Bobsled,Men's Four,Russia,Men,2,silver,Russia-1,
2006,Bobsled,Men's Four,Switzerland,Men,3,bronze,Switzerland-1,
2006,Bobsled,Women's Two,Germany,Women,1,gold,Germany-1,
2006,Bobsled,Women's Two,USA,Women,2,silver,USA-1,
2006,Bobsled,Women's Two,Italy,Women,3,bronze,Italy-1,
2006,Cross-Country Skiing,Men's Sprint,Sweden,Men,1,gold,Björn Lind,27
2006,Cross-Country Skiing,Men's Sprint,France,Men,2,silver,Roddy Darragon,22
2006,Cross-Country Skiing,Men's Sprint,Sweden,Men,3,bronze,Thobias Fredriksson,30
2006,Cross-Country Skiing,Men's 15 Kilometers,Estonia,Men,1,gold,Andrus Veerpalu,35
2006,Cross-Country Skiing,Men's 15 Kilometers,Czech Republic,Men,2,silver,Lukáš Bauer,28
2006,Cross-Country Skiing,Men's 15 Kilometers,Germany,Men,3,bronze,Tobias Angerer,28
2006,Cross-Country Skiing,Men's 50 Kilometers,Italy,Men,1,gold,Giorgio Di Centa,33
2006,Cross-Country Skiing,Men's 50 Kilometers,Russia,Men,2,silver,Yevgeny Dementyev,23
2006,Cross-Country Skiing,Men's 50 Kilometers,Austria,Men,3,bronze,Mikhail Botvinov,38
2006,Cross-Country Skiing,Men's 30 km Skiathlon,Russia,Men,1,gold,Yevgeny Dementyev,23
2006,Cross-Country Skiing,Men's 30 km Skiathlon,Norway,Men,2,silver,Frode Estil,33
2006,Cross-Country Skiing,Men's 30 km Skiathlon,Italy,Men,3,bronze,Pietro Piller Cottrer,31
2006,Cross-Country Skiing,Men's 4 × 10-Kilometer Relay,Italy,Men,1,gold,Italy,
2006,Cross-Country Skiing,Men's 4 × 10-Kilometer Relay,Germany,Men,2,silver,Germany,
2006,Cross-Country Skiing,Men's 4 × 10-Kilometer Relay,Sweden,Men,3,bronze,Sweden,
2006,Cross-Country Skiing,Men's Team Sprint,Sweden,Men,1,gold,Sweden,
2006,Cross-Country Skiing,Men's Team Sprint,Norway,Men,2,silver,Norway,
2006,Cross-Country Skiing,Men's Team Sprint,Russia,Men,3,bronze,Russia,
2006,Cross-Country Skiing,Women's Sprint,Canada,Women,1,gold,Chandra Crawford,22
2006,Cross-Country Skiing,Women's Sprint,Germany,Women,2,silver,Claudia Künzel-Nystad,28
2006,Cross-Country Skiing,Women's Sprint,Russia,Women,3,bronze,Alyona Sidko,26
2006,Cross-Country Skiing,Women's 10 Kilometers,Estonia,Women,1,gold,Kristina Šmigun-Vähi,28
2006,Cross-Country Skiing,Women's 10 Kilometers,Norway,Women,2,silver,Marit Bjørgen,25
2006,Cross-Country Skiing,Women's 10 Kilometers,Norway,Women,3,bronze,Hilde Gjermundshaug Pedersen,41
2006,Cross-Country Skiing,Women's 30 Kilometers,Czech Republic,Women,1,gold,Kateřina Neumannová,32
2006,Cross-Country Skiing,Women's 30 Kilometers,Russia,Women,2,silver,Yuliya Chepalova,29
2006,Cross-Country Skiing,Women's 30 Kilometers,Poland,Women,3,bronze,Justyna Kowalczyk,23
2006,Cross-Country Skiing,Women's 15 km Skiathlon,Estonia,Women,1,gold,Kristina Šmigun-Vähi,28
2006,Cross-Country Skiing,Women's 15 km Skiathlon,Czech Republic,Women,2,silver,Kateřina Neumannová,32
2006,Cross-Country Skiing,Women's 15 km Skiathlon,Russia,Women,3,bronze,Yevgeniya Medvedeva,29
2006,Cross-Country Skiing,Women's 4 × 5-Kilometer Relay,Russia,Women,1,gold,Russia,
2006,Cross-Country Skiing,Women's 4 × 5-Kilometer Relay,Germany,Women,2,silver,Germany,
2006,Cross-Country Skiing,Women's 4 × 5-Kilometer Relay,Italy,Women,3,bronze,Italy,
2006,Cross-Country Skiing,Women's Team Sprint,Sweden,Women,1,gold,Sweden,
2006,Cross-Country Skiing,Women's Team Sprint,Canada,Women,2,silver,Canada,
2006,Cross-Country Skiing,Women's Team Sprint,Finland,Women,3,bronze,Finland,
2006,Curling,Men's Curling,Canada,Men,1,gold,Canada,
2006,Curling,Men's Curling,Finland,Men,2,silver,Finland,
2006,Curling,Men's Curling,USA,Men,3,bronze,USA,
2006,Curling,Women's Curling,Sweden,Women,1,gold,Sweden,
2006,Curling,Women's Curling,Switzerland,Women,2,silver,Switzerland,
2006,Curling,Women's Curling,Canada,Women,3,bronze,Canada,
2006,Figure Skating,Men's Singles,Russia,Men,1,gold,Yevgeny Plyushchenko,23
2006,Figure Skating,Men's Singles,Switzerland,Men,2,silver,Stéphane Lambiel,20
2006,Figure Skating,Men's Singles,Canada,Men,3,bronze,Jeff Buttle,23
2006,Figure Skating,Mixed Pairs,Russia,Mixed,1,gold,Russia-1,
2006,Figure Skating,Mixed Pairs,China,Mixed,2,silver,China-1,
2006,Figure Skating,Mixed Pairs,China,Mixed,3,bronze,China-3,
2006,Figure Skating,Mixed Ice Dancing,Russia,Mixed,1,gold,Russia-1,
2006,Figure Skating,Mixed Ice Dancing,USA,Mixed,2,silver,USA-1,
2006,Figure Skating,Mixed Ice Dancing,Ukraine,Mixed,3,bronze,Ukraine-1,
2006,Figure Skating,Women's Singles,Japan,Women,1,gold,Shizuka Arakawa,24
2006,Figure Skating,Women's Singles,USA,Women,2,silver,Sasha Cohen,21
2006,Figure Skating,Women's Singles,Russia,Women,3,bronze,Irina Slutskaya,27
2006,Freestyle Skiing,Men's Moguls,Australia,Men,1,gold,Dale Begg-Smith,21
2006,Freestyle Skiing,Men's Moguls,Finland,Men,2,silver,Mikko Ronkainen,27
2006,Freestyle Skiing,Men's Moguls,USA,Men,3,bronze,Toby Dawson,27
2006,Freestyle Skiing,Men's Aerials,China,Men,1,gold,Han Xiaopeng,22
2006,Freestyle Skiing,Men's Aerials,Belarus,Men,2,silver,Dmitry Dashchinsky,28
2006,Freestyle Skiing,Men's Aerials,Russia,Men,3,bronze,Vladimir Lebedev,21
2006,Freestyle Skiing,Women's Moguls,Canada,Women,1,gold,Jennifer Heil,22
2006,Freestyle Skiing,Women's Moguls,Norway,Women,2,silver,Kari Traa,32
2006,Freestyle Skiing,Women's Moguls,France,Women,3,bronze,Sandra Laoura,25
2006,Freestyle Skiing,Women's Aerials,Switzerland,Women,1,gold,Evelyne Leu,29
2006,Freestyle Skiing,Women's Aerials,China,Women,2,silver,Li Nina,23
2006,Freestyle Skiing,Women's Aerials,Australia,Women,3,bronze,Alisa Camplin,31
2006,Ice Hockey,Men's Ice Hockey,Sweden,Men,1,gold,Sweden,
2006,Ice Hockey,Men's Ice Hockey,Finland,Men,2,silver,Finland,
2006,Ice Hockey,Men's Ice Hockey,Czech Republic,Men,3,bronze,Czech Republic,
2006,Ice Hockey,Women's Ice Hockey,Canada,Women,1,gold,Canada,
2006,Ice Hockey,Women's Ice Hockey,Sweden,Women,2,silver,Sweden,
2006,Ice Hockey,Women's Ice Hockey,USA,Women,3,bronze,USA,
2006,Luge,Men's Singles,Italy,Men,1,gold,Armin Zöggeler,32
2006,Luge,Men's Singles,Russia,Men,2,silver,Albert Demchenko,34
2006,Luge,Men's Singles,Latvia,Men,3,bronze,Mārtiņš Rubenis,27
2006,Luge,Men's Doubles,Austria,Men,1,gold,Austria-1,
2006,Luge,Men's Doubles,Germany,Men,2,silver,Germany-1,
2006,Luge,Men's Doubles,Italy,Men,3,bronze,Italy-1,
2006,Luge,Women's Singles,Germany,Women,1,gold,Sylke Otto,36
2006,Luge,Women's Singles,Germany,Women,2,silver,Silke Kraushaar,35
2006,Luge,Women's Singles,Germany,Women,3,bronze,Tatjana Hüfner,22
2006,Nordic Combined,Men's Team,Austria,Men,1,gold,Austria,
2006,Nordic Combined,Men's Team,Germany,Men,2,silver,Germany,
2006,Nordic Combined,Men's Team,Finland,Men,3,bronze,Finland,
2006,Nordic Combined,Men's Individual,Germany,Men,1,gold,Georg Hettich,27
2006,Nordic Combined,Men's Individual,Austria,Men,2,silver,Felix Gottwald,30
2006,Nordic Combined,Men's Individual,Norway,Men,3,bronze,Magnus Moan,22
2006,Nordic Combined,Men's Sprint,Austria,Men,1,gold,Felix Gottwald,30
2006,Nordic Combined,Men's Sprint,Norway,Men,2,silver,Magnus Moan,22
2006,Nordic Combined,Men's Sprint,Germany,Men,3,bronze,Georg Hettich,27
2006,Short-Track Speedskating,Men's 500 Meters,USA,Men,1,gold,Apolo Anton Ohno,23
2006,Short-Track Speedskating,Men's 500 Meters,Canada,Men,2,silver,François-Louis Tremblay,25
2006,Short-Track Speedskating,Men's 500 Meters,South Korea,Men,3,bronze,An Hyeon-Su,20
2006,Short-Track Speedskating,"Men's 1,000 Meters",South Korea,Men,1,gold,An Hyeon-Su,20
2006,Short-Track Speedskating,"Men's 1,000 Meters",South Korea,Men,2,silver,Lee Ho-Seok,19
2006,Short-Track Speedskating,"Men's 1,000 Meters",USA,Men,3,bronze,Apolo Anton Ohno,23
2006,Short-Track Speedskating,"Men's 1,500 Meters",South Korea,Men,1,gold,An Hyeon-Su,20
2006,Short-Track Speedskating,"Men's 1,500 Meters",South Korea,Men,2,silver,Lee Ho-Seok,19
2006,Short-Track Speedskating,"Men's 1,500 Meters",China,Men,3,bronze,Li Jiajun,30
2006,Short-Track Speedskating,"Men's 5,000-Meter Relay",South Korea,Men,1,gold,South Korea,
2006,Short-Track Speedskating,"Men's 5,000-Meter Relay",Canada,Men,2,silver,Canada,
2006,Short-Track Speedskating,"Men's 5,000-Meter Relay",USA,Men,3,bronze,USA,
2006,Short-Track Speedskating,Women's 500 Meters,China,Women,1,gold,Wang Meng,20
2006,Short-Track Speedskating,Women's 500 Meters,Bulgaria,Women,2,silver,Evgeniya Radanova,28
2006,Short-Track Speedskating,Women's 500 Meters,Canada,Women,3,bronze,Anouk Leblanc-Boucher,21
2006,Short-Track Speedskating,"Women's 1,000 Meters",South Korea,Women,1,gold,Jin Seon-Yu,17
2006,Short-Track Speedskating,"Women's 1,000 Meters",China,Women,2,silver,Wang Meng,20
2006,Short-Track Speedskating,"Women's 1,000 Meters",China,Women,3,bronze,Yang Yang (A),29
2006,Short-Track Speedskating,"Women's 1,500 Meters",South Korea,Women,1,gold,Jin Seon-Yu,17
2006,Short-Track Speedskating,"Women's 1,500 Meters",South Korea,Women,2,silver,Choi Eun-Gyeong,21
2006,Short-Track Speedskating,"Women's 1,500 Meters",China,Women,3,bronze,Wang Meng,20
2006,Short-Track Speedskating,"Women's 3,000-Meter Relay",South Korea,Women,1,gold,South Korea,
2006,Short-Track Speedskating,"Women's 3,000-Meter Relay",Canada,Women,2,silver,Canada,
2006,Short-Track Speedskating,"Women's 3,000-Meter Relay",Italy,Women,3,bronze,Italy,
2006,Skeleton,Men's Skeleton,Canada,Men,1,gold,Duff Gibson,39
2006,Skeleton,Men's Skeleton,Canada,Men,2,silver,Jeff Pain,35
2006,Skeleton,Men's Skeleton,Switzerland,Men,3,bronze,Gregor Stähli,37
2006,Skeleton,Women's Skeleton,Switzerland,Women,1,gold,Maya Pedersen,33
2006,Skeleton,Women's Skeleton,Britain,Women,2,silver,Shelley Rudman,24
2006,Skeleton,Women's Skeleton,Canada,Women,3,bronze,Mellisa Hollingsworth-Richards,25
2006,Ski Jumping,"Men's Normal Hill, Individual",Norway,Men,1,gold,Lars Bystøl,27
2006,Ski Jumping,"Men's Normal Hill, Individual",Finland,Men,2,silver,Matti Hautamäki,24
2006,Ski Jumping,"Men's Normal Hill, Individual",Norway,Men,3,bronze,Roar Ljøkelsøy,29
2006,Ski Jumping,"Men's Large Hill, Individual",Austria,Men,1,gold,Thomas Morgenstern,19
2006,Ski Jumping,"Men's Large Hill, Individual",Austria,Men,2,silver,Andreas Kofler,21
2006,Ski Jumping,"Men's Large Hill, Individual",Norway,Men,3,bronze,Lars Bystøl,27
2006,Ski Jumping,"Men's Large Hill, Team",Austria,Men,1,gold,Austria,
2006,Ski Jumping,"Men's Large Hill, Team",Finland,Men,2,silver,Finland,
2006,Ski Jumping,"Men's Large Hill, Team",Norway,Men,3,bronze,Norway,
2006,Snowboarding,Men's Parallel Giant Slalom,Switzerland,Men,1,gold,Philipp Schoch,26
2006,Snowboarding,Men's Parallel Giant Slalom,Switzerland,Men,2,silver,Simon Schoch,27
2006,Snowboarding,Men's Parallel Giant Slalom,Austria,Men,3,bronze,Sigi Grabner,31
2006,Snowboarding,Men's Halfpipe,USA,Men,1,gold,Shaun White,19
2006,Snowboarding,Men's Halfpipe,USA,Men,2,silver,Danny Kass,23
2006,Snowboarding,Men's Halfpipe,Finland,Men,3,bronze,Markku Koski,24
2006,Snowboarding,Men's Boardercross,USA,Men,1,gold,Seth Wescott,29
2006,Snowboarding,Men's Boardercross,Slovakia,Men,2,silver,Radoslav Židek,24
2006,Snowboarding,Men's Boardercross,France,Men,3,bronze,Paul-Henri De Le Rue,21
2006,Snowboarding,Women's Parallel Giant Slalom,Switzerland,Women,1,gold,Daniela Meuli,24
2006,Snowboarding,Women's Parallel Giant Slalom,Germany,Women,2,silver,Amelie Kober,18
2006,Snowboarding,Women's Parallel Giant Slalom,USA,Women,3,bronze,Rosey Fletcher,30
2006,Snowboarding,Women's Halfpipe,USA,Women,1,gold,Hannah Teter,19
2006,Snowboarding,Women's Halfpipe,USA,Women,2,silver,Gretchen Bleiler,24
2006,Snowboarding,Women's Halfpipe,Norway,Women,3,bronze,Kjersti Buaas,24
2006,Snowboarding,Women's Boardercross,Switzerland,Women,1,gold,Tanja Frieden,30
2006,Snowboarding,Women's Boardercross,USA,Women,2,silver,Lindsey Jacobellis,20
2006,Snowboarding,Women's Boardercross,Canada,Women,3,bronze,Dominique Maltais,25
2006,Speedskating,Men's 500 Meters,USA,Men,1,gold,Joey Cheek,26
2006,Speedskating,Men's 500 Meters,Russia,Men,2,silver,Dmitry Dorofeyev,29
2006,Speedskating,Men's 500 Meters,South Korea,Men,3,bronze,Lee Gang-Seok,20
2006,Speedskating,"Men's 1,000 Meters",USA,Men,1,gold,Shani Davis,23
2006,Speedskating,"Men's 1,000 Meters",USA,Men,2,silver,Joey Cheek,26
2006,Speedskating,"Men's 1,000 Meters",Netherlands,Men,3,bronze,Erben Wennemars,30
2006,Speedskating,"Men's 1,500 Meters",Italy,Men,1,gold,Enrico Fabris,24
2006,Speedskating,"Men's 1,500 Meters",USA,Men,2,silver,Shani Davis,23
2006,Speedskating,"Men's 1,500 Meters",USA,Men,3,bronze,Chad Hedrick,28
2006,Speedskating,"Men's 5,000 Meters",USA,Men,1,gold,Chad Hedrick,28
2006,Speedskating,"Men's 5,000 Meters",Netherlands,Men,2,silver,Sven Kramer,19
2006,Speedskating,"Men's 5,000 Meters",Italy,Men,3,bronze,Enrico Fabris,24
2006,Speedskating,"Men's 10,000 Meters",Netherlands,Men,1,gold,Bob de Jong,29
2006,Speedskating,"Men's 10,000 Meters",USA,Men,2,silver,Chad Hedrick,28
2006,Speedskating,"Men's 10,000 Meters",Netherlands,Men,3,bronze,Carl Verheijen,30
2006,Speedskating,Men's Team Pursuit (8 laps),Italy,Men,1,gold,Italy,
2006,Speedskating,Men's Team Pursuit (8 laps),Canada,Men,2,silver,Canada,
2006,Speedskating,Men's Team Pursuit (8 laps),Netherlands,Men,3,bronze,Netherlands,
2006,Speedskating,Women's 500 Meters,Russia,Women,1,gold,Svetlana Boyarkina-Zhurova,34
2006,Speedskating,Women's 500 Meters,China,Women,2,silver,Wang Manli,32
2006,Speedskating,Women's 500 Meters,China,Women,3,bronze,Ren Hui,22
2006,Speedskating,"Women's 1,000 Meters",Netherlands,Women,1,gold,Marianne Timmer,31
2006,Speedskating,"Women's 1,000 Meters",Canada,Women,2,silver,Cindy Klassen,26
2006,Speedskating,"Women's 1,000 Meters",Germany,Women,3,bronze,Anni Friesinger-Postma,29
2006,Speedskating,"Women's 1,500 Meters",Canada,Women,1,gold,Cindy Klassen,26
2006,Speedskating,"Women's 1,500 Meters",Canada,Women,2,silver,Kristina Groves,29
2006,Speedskating,"Women's 1,500 Meters",Netherlands,Women,3,bronze,Ireen Wüst,19
2006,Speedskating,"Women's 3,000 Meters",Netherlands,Women,1,gold,Ireen Wüst,19
2006,Speedskating,"Women's 3,000 Meters",Netherlands,Women,2,silver,Renate Groenewold,29
2006,Speedskating,"Women's 3,000 Meters",Canada,Women,3,bronze,Cindy Klassen,26
2006,Speedskating,"Women's 5,000 Meters",Canada,Women,1,gold,Clara Hughes,33
2006,Speedskating,"Women's 5,000 Meters",Germany,Women,2,silver,Claudia Pechstein,33
2006,Speedskating,"Women's 5,000 Meters",Canada,Women,3,bronze,Cindy Klassen,26
2006,Speedskating,Women's Team Pursuit (6 laps),Germany,Women,1,gold,Germany,
2006,Speedskating,Women's Team Pursuit (6 laps),Canada,Women,2,silver,Canada,
2006,Speedskating,Women's Team Pursuit (6 laps),Russia,Women,3,bronze,Russia,
2010,Alpine Skiing,Men's Downhill,Switzerland,Men,1,gold,Didier Défago,32
2010,Alpine Skiing,Men's Downhill,Norway,Men,2,silver,Aksel Lund Svindal,27
2010,Alpine Skiing,Men's Downhill,USA,Men,3,bronze,Bode Miller,32
2010,Alpine Skiing,Men's Super G,Norway,Men,1,gold,Aksel Lund Svindal,27
2010,Alpine Skiing,Men's Super G,USA,Men,2,silver,Bode Miller,32
2010,Alpine Skiing,Men's Super G,USA,Men,3,bronze,Andrew Weibrecht,24
2010,Alpine Skiing,Men's Giant Slalom,Switzerland,Men,1,gold,Carlo Janka,23
2010,Alpine Skiing,Men's Giant Slalom,Norway,Men,2,silver,Kjetil Jansrud,24
2010,Alpine Skiing,Men's Giant Slalom,Norway,Men,3,bronze,Aksel Lund Svindal,27
2010,Alpine Skiing,Men's Slalom,Italy,Men,1,gold,Giuliano Razzoli,25
2010,Alpine Skiing,Men's Slalom,Croatia,Men,2,silver,Ivica Kostelić,30
2010,Alpine Skiing,Men's Slalom,Sweden,Men,3,bronze,André Myhrer,27
2010,Alpine Skiing,Men's Combined,USA,Men,1,gold,Bode Miller,32
2010,Alpine Skiing,Men's Combined,Croatia,Men,2,silver,Ivica Kostelić,30
2010,Alpine Skiing,Men's Combined,Switzerland,Men,3,bronze,Silvan Zurbriggen,28
2010,Alpine Skiing,Women's Downhill,USA,Women,1,gold,Lindsey Kildow-Vonn,25
2010,Alpine Skiing,Women's Downhill,USA,Women,2,silver,Julia Mancuso,25
2010,Alpine Skiing,Women's Downhill,Austria,Women,3,bronze,Elisabeth Görgl,28
2010,Alpine Skiing,Women's Super G,Austria,Women,1,gold,Andrea Fischbacher,24
2010,Alpine Skiing,Women's Super G,Slovenia,Women,2,silver,Tina Maze,26
2010,Alpine Skiing,Women's Super G,USA,Women,3,bronze,Lindsey Kildow-Vonn,25
2010,Alpine Skiing,Women's Giant Slalom,Germany,Women,1,gold,Viktoria Rebensburg,20
2010,Alpine Skiing,Women's Giant Slalom,Slovenia,Women,2,silver,Tina Maze,26
2010,Alpine Skiing,Women's Giant Slalom,Austria,Women,3,bronze,Elisabeth Görgl,28
2010,Alpine Skiing,Women's Slalom,Germany,Women,1,gold,Maria Riesch,25
2010,Alpine Skiing,Women's Slalom,Austria,Women,2,silver,Marlies Schild,28
2010,Alpine Skiing,Women's Slalom,Czech Republic,Women,3,bronze,Šárka Záhrobská,25
2010,Alpine Skiing,Women's Combined,Germany,Women,1,gold,Maria Riesch,25
2010,Alpine Skiing,Women's Combined,USA,Women,2,silver,Julia Mancuso,25
2010,Alpine Skiing,Women's Combined,Sweden,Women,3,bronze,Anja Pärson,28
2010,Biathlon,Men's 10-Kilometer Sprint,France,Men,1,gold,Vincent Jay,24
2010,Biathlon,Men's 10-Kilometer Sprint,Norway,Men,2,silver,Emil Hegle Svendsen,24
2010,Biathlon,Men's 10-Kilometer Sprint,Croatia,Men,3,bronze,Jakov Fak,22
2010,Biathlon,Men's 12.5-Kilometer pursuit,Sweden,Men,1,gold,Björn Ferry,31
2010,Biathlon,Men's 12.5-Kilometer pursuit,Austria,Men,2,silver,Christoph Sumann,34
2010,Biathlon,Men's 12.5-Kilometer pursuit,France,Men,3,bronze,Vincent Jay,24
2010,Biathlon,Men's 15-Kilometer Mass Start,Russia,Men,1,gold,Yevgeny Ustyugov,24
2010,Biathlon,Men's 15-Kilometer Mass Start,France,Men,2,silver,Martin Fourcade,21
2010,Biathlon,Men's 15-Kilometer Mass Start,Slovakia,Men,3,bronze,Pavol Hurajt,32
2010,Biathlon,Men's 20 Kilometers,Norway,Men,1,gold,Emil Hegle Svendsen,24
2010,Biathlon,Men's 20 Kilometers,Belarus,Men,2,silver,Sergey Novikov,30
2010,Biathlon,Men's 20 Kilometers,Norway,Men,2,silver,Ole Einar Bjørndalen,36
2010,Biathlon,Men's 4 × 7.5-Kilometer Relay,Norway,Men,1,gold,Norway,
2010,Biathlon,Men's 4 × 7.5-Kilometer Relay,Austria,Men,2,silver,Austria,
2010,Biathlon,Men's 4 × 7.5-Kilometer Relay,Russia,Men,3,bronze,Russia,
2010,Biathlon,Women's 7.5-Kilometer Sprint,Slovakia,Women,1,gold,Anastasia Kuzmina,25
2010,Biathlon,Women's 7.5-Kilometer Sprint,Germany,Women,2,silver,Magdalena Neuner,23
2010,Biathlon,Women's 7.5-Kilometer Sprint,France,Women,3,bronze,Marie Dorin,23
2010,Biathlon,Women's 10-Kilometer pursuit,Germany,Women,1,gold,Magdalena Neuner,23
2010,Biathlon,Women's 10-Kilometer pursuit,Slovakia,Women,2,silver,Anastasia Kuzmina,25
2010,Biathlon,Women's 10-Kilometer pursuit,France,Women,3,bronze,Marie Laure Brunet,21
2010,Biathlon,Women's 12.5-Kilometer Mass Start,Germany,Women,1,gold,Magdalena Neuner,23
2010,Biathlon,Women's 12.5-Kilometer Mass Start,Russia,Women,2,silver,Olga Zaytseva,31
2010,Biathlon,Women's 12.5-Kilometer Mass Start,Germany,Women,3,bronze,Simone Hauswald,30
2010,Biathlon,Women's 15 Kilometers,Norway,Women,1,gold,Tora Berger,28
2010,Biathlon,Women's 15 Kilometers,Kazakhstan,Women,2,silver,Yelena Khrustalyova,29
2010,Biathlon,Women's 15 Kilometers,Belarus,Women,3,bronze,Darya Domracheva,23
2010,Biathlon,Women's 4 × 6-Kilometer Relay,Russia,Women,1,gold,Russia,
2010,Biathlon,Women's 4 × 6-Kilometer Relay,France,Women,2,silver,France,
2010,Biathlon,Women's 4 × 6-Kilometer Relay,Germany,Women,3,bronze,Germany,
2010,Bobsled,Men's Two,Germany,Men,1,gold,Germany-1,
2010,Bobsled,Men's Two,Germany,Men,2,silver,Germany-2,
2010,Bobsled,Men's Two,Russia,Men,3,bronze,Russia-1,
2010,Bobsled,Men's Four,USA,Men,1,gold,USA-1,
2010,Bobsled,Men's Four,Germany,Men,2,silver,Germany-1,
2010,Bobsled,Men's Four,Canada,Men,3,bronze,Canada-1,
2010,Bobsled,Women's Two,Canada,Women,1,gold,Canada-1,
2010,Bobsled,Women's Two,Canada,Women,2,silver,Canada-2,
2010,Bobsled,Women's Two,USA,Women,3,bronze,USA-2,
2010,Cross-Country Skiing,Men's Sprint,Russia,Men,1,gold,Nikita Kryukov,24
2010,Cross-Country Skiing,Men's Sprint,Russia,Men,2,silver,Aleksandr Panzhinsky,20
2010,Cross-Country Skiing,Men's Sprint,Norway,Men,3,bronze,"Petter Northug, Jr.",24
2010,Cross-Country Skiing,Men's 15 Kilometers,Switzerland,Men,1,gold,Dario Cologna,23
2010,Cross-Country Skiing,Men's 15 Kilometers,Italy,Men,2,silver,Pietro Piller Cottrer,35
2010,Cross-Country Skiing,Men's 15 Kilometers,Czech Republic,Men,3,bronze,Lukáš Bauer,32
2010,Cross-Country Skiing,Men's 50 Kilometers,Norway,Men,1,gold,"Petter Northug, Jr.",24
2010,Cross-Country Skiing,Men's 50 Kilometers,Germany,Men,2,silver,Axel Teichmann,30
2010,Cross-Country Skiing,Men's 50 Kilometers,Sweden,Men,3,bronze,Johan Olsson,29
2010,Cross-Country Skiing,Men's 30 km Skiathlon,Sweden,Men,1,gold,Marcus Hellner,24
2010,Cross-Country Skiing,Men's 30 km Skiathlon,Germany,Men,2,silver,Tobias Angerer,32
2010,Cross-Country Skiing,Men's 30 km Skiathlon,Sweden,Men,3,bronze,Johan Olsson,29
2010,Cross-Country Skiing,Men's 4 × 10-Kilometer Relay,Sweden,Men,1,gold,Sweden,
2010,Cross-Country Skiing,Men's 4 × 10-Kilometer Relay,Norway,Men,2,silver,Norway,
2010,Cross-Country Skiing,Men's 4 × 10-Kilometer Relay,Czech Republic,Men,3,bronze,Czech Republic,
2010,Cross-Country Skiing,Men's Team Sprint,Norway,Men,1,gold,Norway,
2010,Cross-Country Skiing,Men's Team Sprint,Germany,Men,2,silver,Germany,
2010,Cross-Country Skiing,Men's Team Sprint,Russia,Men,3,bronze,Russia,
2010,Cross-Country Skiing,Women's Sprint,Norway,Women,1,gold,Marit Bjørgen,29
2010,Cross-Country Skiing,Women's Sprint,Poland,Women,2,silver,Justyna Kowalczyk,27
2010,Cross-Country Skiing,Women's Sprint,Slovenia,Women,3,bronze,Petra Majdič,30
2010,Cross-Country Skiing,Women's 10 Kilometers,Sweden,Women,1,gold,Charlotte Kalla,22
2010,Cross-Country Skiing,Women's 10 Kilometers,Estonia,Women,2,silver,Kristina Šmigun-Vähi,32
2010,Cross-Country Skiing,Women's 10 Kilometers,Norway,Women,3,bronze,Marit Bjørgen,29
2010,Cross-Country Skiing,Women's 30 Kilometers,Poland,Women,1,gold,Justyna Kowalczyk,27
2010,Cross-Country Skiing,Women's 30 Kilometers,Norway,Women,2,silver,Marit Bjørgen,29
2010,Cross-Country Skiing,Women's 30 Kilometers,Finland,Women,3,bronze,Aino-Kaisa Saarinen,31
2010,Cross-Country Skiing,Women's 15 km Skiathlon,Norway,Women,1,gold,Marit Bjørgen,29
2010,Cross-Country Skiing,Women's 15 km Skiathlon,Sweden,Women,2,silver,Anna Haag,23
2010,Cross-Country Skiing,Women's 15 km Skiathlon,Poland,Women,3,bronze,Justyna Kowalczyk,27
2010,Cross-Country Skiing,Women's 4 × 5-Kilometer Relay,Norway,Women,1,gold,Norway,
2010,Cross-Country Skiing,Women's 4 × 5-Kilometer Relay,Germany,Women,2,silver,Germany,
2010,Cross-Country Skiing,Women's 4 × 5-Kilometer Relay,Finland,Women,3,bronze,Finland,
2010,Cross-Country Skiing,Women's Team Sprint,Germany,Women,1,gold,Germany,
2010,Cross-Country Skiing,Women's Team Sprint,Sweden,Women,2,silver,Sweden,
2010,Cross-Country Skiing,Women's Team Sprint,Russia,Women,3,bronze,Russia,
2010,Curling,Men's Curling,Canada,Men,1,gold,Canada,
2010,Curling,Men's Curling,Norway,Men,2,silver,Norway,
2010,Curling,Men's Curling,Switzerland,Men,3,bronze,Switzerland,
2010,Curling,Women's Curling,Sweden,Women,1,gold,Sweden,
2010,Curling,Women's Curling,Canada,Women,2,silver,Canada,
2010,Curling,Women's Curling,China,Women,3,bronze,China,
2010,Figure Skating,Men's Singles,USA,Men,1,gold,Evan Lysacek,24
2010,Figure Skating,Men's Singles,Russia,Men,2,silver,Yevgeny Plyushchenko,27
2010,Figure Skating,Men's Singles,Japan,Men,3,bronze,Daisuke Takahashi,23
2010,Figure Skating,Mixed Pairs,China,Mixed,1,gold,China-1,
2010,Figure Skating,Mixed Pairs,China,Mixed,2,silver,China-2,
2010,Figure Skating,Mixed Pairs,Germany,Mixed,3,bronze,Germany-1,
2010,Figure Skating,Mixed Ice Dancing,Canada,Mixed,1,gold,Canada-1,
2010,Figure Skating,Mixed Ice Dancing,USA,Mixed,2,silver,USA-1,
2010,Figure Skating,Mixed Ice Dancing,Russia,Mixed,3,bronze,Russia-1,
2010,Figure Skating,Women's Singles,South Korea,Women,1,gold,Kim Yeon-A,19
2010,Figure Skating,Women's Singles,Japan,Women,2,silver,Mao Asada,19
2010,Figure Skating,Women's Singles,Canada,Women,3,bronze,Joannie Rochette,24
2010,Freestyle Skiing,Men's Moguls,Canada,Men,1,gold,Alexandre Bilodeau,22
2010,Freestyle Skiing,Men's Moguls,Australia,Men,2,silver,Dale Begg-Smith,25
2010,Freestyle Skiing,Men's Moguls,USA,Men,3,bronze,Bryon Wilson,21
2010,Freestyle Skiing,Men's Aerials,Belarus,Men,1,gold,Aleksey Grishin,30
2010,Freestyle Skiing,Men's Aerials,USA,Men,2,silver,Jeret Peterson,28
2010,Freestyle Skiing,Men's Aerials,China,Men,3,bronze,Liu Zhongqing,24
2010,Freestyle Skiing,Men's Ski Cross,Switzerland,Men,1,gold,Mike Schmid,25
2010,Freestyle Skiing,Men's Ski Cross,Austria,Men,2,silver,Andreas Matt,27
2010,Freestyle Skiing,Men's Ski Cross,Norway,Men,3,bronze,Audun Grønvold,33
2010,Freestyle Skiing,Women's Moguls,USA,Women,1,gold,Hannah Kearney,23
2010,Freestyle Skiing,Women's Moguls,Canada,Women,2,silver,Jennifer Heil,26
2010,Freestyle Skiing,Women's Moguls,USA,Women,3,bronze,Shannon Bahrke,29
2010,Freestyle Skiing,Women's Aerials,Australia,Women,1,gold,Lydia Ierodiaconou-Lassila,28
2010,Freestyle Skiing,Women's Aerials,China,Women,2,silver,Li Nina,27
2010,Freestyle Skiing,Women's Aerials,China,Women,3,bronze,Guo Xinxin,26
2010,Freestyle Skiing,Women's Ski Cross,Canada,Women,1,gold,Ashleigh McIvor,26
2010,Freestyle Skiing,Women's Ski Cross,Norway,Women,2,silver,Hedda Berntsen,33
2010,Freestyle Skiing,Women's Ski Cross,France,Women,3,bronze,Marion Josserand,23
2010,Ice Hockey,Men's Ice Hockey,Canada,Men,1,gold,Canada,
2010,Ice Hockey,Men's Ice Hockey,USA,Men,2,silver,USA,
2010,Ice Hockey,Men's Ice Hockey,Finland,Men,3,bronze,Finland,
2010,Ice Hockey,Women's Ice Hockey,Canada,Women,1,gold,Canada,
2010,Ice Hockey,Women's Ice Hockey,USA,Women,2,silver,USA,
2010,Ice Hockey,Women's Ice Hockey,Finland,Women,3,bronze,Finland,
2010,Luge,Men's Singles,Germany,Men,1,gold,Felix Loch,20
2010,Luge,Men's Singles,Germany,Men,2,silver,David Möller,28
2010,Luge,Men's Singles,Italy,Men,3,bronze,Armin Zöggeler,36
2010,Luge,Men's Doubles,Austria,Men,1,gold,Austria-1,
2010,Luge,Men's Doubles,Latvia,Men,2,silver,Latvia-1,
2010,Luge,Men's Doubles,Germany,Men,3,bronze,Germany-2,
2010,Luge,Women's Singles,Germany,Women,1,gold,Tatjana Hüfner,26
2010,Luge,Women's Singles,Austria,Women,2,silver,Nina Reithmayer,25
2010,Luge,Women's Singles,Germany,Women,3,bronze,Natalie Geisenberger,22
2010,Nordic Combined,"Men's Normal Hill / 10 km, Individual",France,Men,1,gold,Jason Lamy-Chappuis,23
2010,Nordic Combined,"Men's Normal Hill / 10 km, Individual",USA,Men,2,silver,Johnny Spillane,29
2010,Nordic Combined,"Men's Normal Hill / 10 km, Individual",Italy,Men,3,bronze,Alessandro Pittin,20
2010,Nordic Combined,"Men's Large Hill / 10 km, Individual",USA,Men,1,gold,Bill Demong,29
2010,Nordic Combined,"Men's Large Hill / 10 km, Individual",USA,Men,2,silver,Johnny Spillane,29
2010,Nordic Combined,"Men's Large Hill / 10 km, Individual",Austria,Men,3,bronze,Bernhard Gruber,27
2010,Nordic Combined,Men's Team,Austria,Men,1,gold,Austria,
2010,Nordic Combined,Men's Team,USA,Men,2,silver,USA,
2010,Nordic Combined,Men's Team,Germany,Men,3,bronze,Germany,
2010,Short-Track Speedskating,Men's 500 Meters,Canada,Men,1,gold,Charles Hamelin,25
2010,Short-Track Speedskating,Men's 500 Meters,South Korea,Men,2,silver,Seong Si-Baek,22
2010,Short-Track Speedskating,Men's 500 Meters,Canada,Men,3,bronze,François-Louis Tremblay,29
2010,Short-Track Speedskating,"Men's 1,000 Meters",South Korea,Men,1,gold,Lee Jeong-Su,20
2010,Short-Track Speedskating,"Men's 1,000 Meters",South Korea,Men,2,silver,Lee Ho-Seok,23
2010,Short-Track Speedskating,"Men's 1,000 Meters",USA,Men,3,bronze,Apolo Anton Ohno,27
2010,Short-Track Speedskating,"Men's 1,500 Meters",South Korea,Men,1,gold,Lee Jeong-Su,20
2010,Short-Track Speedskating,"Men's 1,500 Meters",USA,Men,2,silver,Apolo Anton Ohno,27
2010,Short-Track Speedskating,"Men's 1,500 Meters",USA,Men,3,bronze,J. R. Celski,19
2010,Short-Track Speedskating,"Men's 5,000-Meter Relay",Canada,Men,1,gold,Canada,
2010,Short-Track Speedskating,"Men's 5,000-Meter Relay",South Korea,Men,2,silver,South Korea,
2010,Short-Track Speedskating,"Men's 5,000-Meter Relay",USA,Men,3,bronze,USA,
2010,Short-Track Speedskating,Women's 500 Meters,China,Women,1,gold,Wang Meng,24
2010,Short-Track Speedskating,Women's 500 Meters,Canada,Women,2,silver,Marianne St-Gelais,19
2010,Short-Track Speedskating,Women's 500 Meters,Italy,Women,3,bronze,Arianna Fontana,19
2010,Short-Track Speedskating,"Women's 1,000 Meters",China,Women,1,gold,Wang Meng,24
2010,Short-Track Speedskating,"Women's 1,000 Meters",USA,Women,2,silver,Katherine Reutter,21
2010,Short-Track Speedskating,"Women's 1,000 Meters",South Korea,Women,3,bronze,Park Seung-Hui,17
2010,Short-Track Speedskating,"Women's 1,500 Meters",China,Women,1,gold,Zhou Yang,18
2010,Short-Track Speedskating,"Women's 1,500 Meters",South Korea,Women,2,silver,Lee Eun-Byeol,18
2010,Short-Track Speedskating,"Women's 1,500 Meters",South Korea,Women,3,bronze,Park Seung-Hui,17
2010,Short-Track Speedskating,"Women's 3,000-Meter Relay",China,Women,1,gold,China,
2010,Short-Track Speedskating,"Women's 3,000-Meter Relay",Canada,Women,2,silver,Canada,
2010,Short-Track Speedskating,"Women's 3,000-Meter Relay",USA,Women,3,bronze,USA,
2010,Skeleton,Men's Skeleton,Canada,Men,1,gold,Jon Montgomery,30
2010,Skeleton,Men's Skeleton,Latvia,Men,2,silver,Martins Dukurs,25
2010,Skeleton,Men's Skeleton,Russia,Men,3,bronze,Aleksandr Tretyakov,24
2010,Skeleton,Women's Skeleton,Britain,Women,1,gold,Amy Williams,27
2010,Skeleton,Women's Skeleton,Germany,Women,2,silver,Kerstin Szymkowiak,32
2010,Skeleton,Women's Skeleton,Germany,Women,3,bronze,Anja Huber,26
2010,Ski Jumping,"Men's Normal Hill, Individual",Switzerland,Men,1,gold,Simon Ammann,28
2010,Ski Jumping,"Men's Normal Hill, Individual",Poland,Men,2,silver,Adam Małysz,32
2010,Ski Jumping,"Men's Normal Hill, Individual",Austria,Men,3,bronze,Gregor Schlierenzauer,20
2010,Ski Jumping,"Men's Large Hill, Individual",Switzerland,Men,1,gold,Simon Ammann,28
2010,Ski Jumping,"Men's Large Hill, Individual",Poland,Men,2,silver,Adam Małysz,32
2010,Ski Jumping,"Men's Large Hill, Individual",Austria,Men,3,bronze,Gregor Schlierenzauer,20
2010,Ski Jumping,"Men's Large Hill, Team",Austria,Men,1,gold,Austria,
2010,Ski Jumping,"Men's Large Hill, Team",Germany,Men,2,silver,Germany,
2010,Ski Jumping,"Men's Large Hill, Team",Norway,Men,3,bronze,Norway,
2010,Snowboarding,Men's Parallel Giant Slalom,Canada,Men,1,gold,Jasey-Jay Anderson,34
2010,Snowboarding,Men's Parallel Giant Slalom,Austria,Men,2,silver,Benjamin Karl,24
2010,Snowboarding,Men's Parallel Giant Slalom,France,Men,3,bronze,Mathieu Bozzetto,36
2010,Snowboarding,Men's Halfpipe,USA,Men,1,gold,Shaun White,23
2010,Snowboarding,Men's Halfpipe,Finland,Men,2,silver,Peetu Piiroinen,21
2010,Snowboarding,Men's Halfpipe,USA,Men,3,bronze,Scotty Lago,22
2010,Snowboarding,Men's Boardercross,USA,Men,1,gold,Seth Wescott,33
2010,Snowboarding,Men's Boardercross,Canada,Men,2,silver,Mike Robertson,24
2010,Snowboarding,Men's Boardercross,France,Men,3,bronze,Tony Ramoin,21
2010,Snowboarding,Women's Parallel Giant Slalom,Netherlands,Women,1,gold,Nicolien Sauerbreij,30
2010,Snowboarding,Women's Parallel Giant Slalom,Russia,Women,2,silver,Yekaterina Ilyukhina,22
2010,Snowboarding,Women's Parallel Giant Slalom,Austria,Women,3,bronze,Marion Kreiner,28
2010,Snowboarding,Women's Halfpipe,Australia,Women,1,gold,Torah Bright,23
2010,Snowboarding,Women's Halfpipe,USA,Women,2,silver,Hannah Teter,23
2010,Snowboarding,Women's Halfpipe,USA,Women,3,bronze,Kelly Clark,26
2010,Snowboarding,Women's Boardercross,Canada,Women,1,gold,Maëlle Ricker,31
2010,Snowboarding,Women's Boardercross,France,Women,2,silver,Déborah Anthonioz,31
2010,Snowboarding,Women's Boardercross,Switzerland,Women,3,bronze,Olivia Nobs,27
2010,Speedskating,Men's 500 Meters,South Korea,Men,1,gold,Mo Tae-Beom,20
2010,Speedskating,Men's 500 Meters,Japan,Men,2,silver,Keiichiro Nagashima,27
2010,Speedskating,Men's 500 Meters,Japan,Men,3,bronze,Joji Kato,25
2010,Speedskating,"Men's 1,000 Meters",USA,Men,1,gold,Shani Davis,27
2010,Speedskating,"Men's 1,000 Meters",South Korea,Men,2,silver,Mo Tae-Beom,20
2010,Speedskating,"Men's 1,000 Meters",USA,Men,3,bronze,Chad Hedrick,32
2010,Speedskating,"Men's 1,500 Meters",Netherlands,Men,1,gold,Mark Tuitert,29
2010,Speedskating,"Men's 1,500 Meters",USA,Men,2,silver,Shani Davis,27
2010,Speedskating,"Men's 1,500 Meters",Norway,Men,3,bronze,Håvard Bøkko,23
2010,Speedskating,"Men's 5,000 Meters",Netherlands,Men,1,gold,Sven Kramer,23
2010,Speedskating,"Men's 5,000 Meters",South Korea,Men,2,silver,Lee Seung-Hun,21
2010,Speedskating,"Men's 5,000 Meters",Russia,Men,3,bronze,Ivan Skobrev,27
2010,Speedskating,"Men's 10,000 Meters",South Korea,Men,1,gold,Lee Seung-Hun,21
2010,Speedskating,"Men's 10,000 Meters",Russia,Men,2,silver,Ivan Skobrev,27
2010,Speedskating,"Men's 10,000 Meters",Netherlands,Men,3,bronze,Bob de Jong,33
2010,Speedskating,Men's Team Pursuit (8 laps),Canada,Men,1,gold,Canada,
2010,Speedskating,Men's Team Pursuit (8 laps),USA,Men,2,silver,USA,
2010,Speedskating,Men's Team Pursuit (8 laps),Netherlands,Men,3,bronze,Netherlands,
2010,Speedskating,Women's 500 Meters,South Korea,Women,1,gold,Lee Sang-Hwa,20
2010,Speedskating,Women's 500 Meters,Germany,Women,2,silver,Jenny Wolf,31
2010,Speedskating,Women's 500 Meters,China,Women,3,bronze,Wang Beixing,24
2010,Speedskating,"Women's 1,000 Meters",Canada,Women,1,gold,Christine Nesbitt,24
2010,Speedskating,"Women's 1,000 Meters",Netherlands,Women,2,silver,Annette Gerritsen,24
2010,Speedskating,"Women's 1,000 Meters",Netherlands,Women,3,bronze,Laurine van Riessen,22
2010,Speedskating,"Women's 1,500 Meters",Netherlands,Women,1,gold,Ireen Wüst,23
2010,Speedskating,"Women's 1,500 Meters",Canada,Women,2,silver,Kristina Groves,33
2010,Speedskating,"Women's 1,500 Meters",Czech Republic,Women,3,bronze,Martina Sáblíková,22
2010,Speedskating,"Women's 3,000 Meters",Czech Republic,Women,1,gold,Martina Sáblíková,22
2010,Speedskating,"Women's 3,000 Meters",Germany,Women,2,silver,Stephanie Beckert,21
2010,Speedskating,"Women's 3,000 Meters",Canada,Women,3,bronze,Kristina Groves,33
2010,Speedskating,"Women's 5,000 Meters",Czech Republic,Women,1,gold,Martina Sáblíková,22
2010,Speedskating,"Women's 5,000 Meters",Germany,Women,2,silver,Stephanie Beckert,21
2010,Speedskating,"Women's 5,000 Meters",Canada,Women,3,bronze,Clara Hughes,37
2010,Speedskating,Women's Team Pursuit (6 laps),Germany,Women,1,gold,Germany,
2010,Speedskating,Women's Team Pursuit (6 laps),Japan,Women,2,silver,Japan,
2010,Speedskating,Women's Team Pursuit (6 laps),Poland,Women,3,bronze,Poland,
1964,Figure Skating,Mixed Pairs,Canada,Mixed,2,silver,Canada-1,
1964,Figure Skating,Mixed Pairs,USA,Mixed,3,bronze,USA-1,
2014,Biathlon,Men's 10-Kilometer Sprint,Norway,Men,1,gold,Ole Einar Bjoerndalen,40
2014,Biathlon,Men's 10-Kilometer Sprint,Austria,Men,2,silver,Dominik Landertinger,25
2014,Biathlon,Men's 10-Kilometer Sprint,Czech Republic,Men,3,bronze,Jaroslav Soukup,31
2014,Cross-Country Skiing,Women's Skiathlon 7.5km Classic + 7.5km Free Skiathlon,Norway,Women,1,gold,Marit Bjoergen,33
2014,Cross-Country Skiing,Women's Skiathlon 7.5km Classic + 7.5km Free Skiathlon,Sweden,Women,2,silver,Charlotte Kalla,26
2014,Cross-Country Skiing,Women's Skiathlon 7.5km Classic + 7.5km Free Skiathlon,Norway,Women,3,bronze,Heidi Weng,22
2014,Freestyle Skiing,Women's Moguls,Canada,Women,1,gold,Justine Dufour-Lapointe,19
2014,Freestyle Skiing,Women's Moguls,Canada,Women,2,silver,Chloe Dufour-Lapointe,22
2014,Freestyle Skiing,Women's Moguls,USA,Women,3,bronze,Hannah Kearney,27
2014,Snowboarding,Men's Slopestyle,USA,Men,1,gold,Sage Kotsenburg,20
2014,Snowboarding,Men's Slopestyle,Norway,Men,2,silver,Staale Sandbech,20
2014,Snowboarding,Men's Slopestyle,Canada,Men,3,bronze,Mark Mcmorris,20
2014,Speedskating,"Men's 5,000 Meters",Netherlands,Men,1,gold,Sven Kramer,27
2014,Speedskating,"Men's 5,000 Meters",Netherlands,Men,2,silver,Jan Blokhuijsen,24
2014,Speedskating,"Men's 5,000 Meters",Netherlands,Men,3,bronze,Jorrit Bergsma,28
2014,Alpine Skiing,Men's Downhill,Austria,Men,1,gold,Matthias Mayer,23
2014,Alpine Skiing,Men's Downhill,Italy,Men,2,silver,Christof Innerhofer,29
2014,Alpine Skiing,Men's Downhill,Norway,Men,3,bronze,Kjetil Jansrud,28
2014,Biathlon,Women's 7.5-Kilometer Sprint,Slovakia,Women,1,gold,Anastasiya Kuzmina,29
2014,Biathlon,Women's 7.5-Kilometer Sprint,Russia,Women,2,silver,Olga Vilukhina,25
2014,Biathlon,Women's 7.5-Kilometer Sprint,Ukraine,Women,3,bronze,Vita Semerenko,28
2014,Cross-Country Skiing,Men's Skiathlon 15km Classic + 15km Free,Switzerland,Men,1,gold,Dario Cologna,27
2014,Cross-Country Skiing,Men's Skiathlon 15km Classic + 15km Free,Sweden,Men,2,silver,Marcus Hellner,28
2014,Cross-Country Skiing,Men's Skiathlon 15km Classic + 15km Free,Norway,Men,3,bronze,Martin Johnsrud Sundby,29
2014,Snowboarding,Women's Slopestyle,USA,Women,1,gold,Jamie Anderson,23
2014,Snowboarding,Women's Slopestyle,Finland,Women,2,silver,Enni Rukajarvi,23
2014,Snowboarding,Women's Slopestyle,Britain,Women,3,bronze,Jenny Jones,33
2014,Speedskating,"Women's 3,000 Meters",Netherlands,Women,1,gold,Irene Wust,27
2014,Speedskating,"Women's 3,000 Meters",Czech Republic,Women,2,silver,Martina Sablikova,26
2014,Speedskating,"Women's 3,000 Meters",Russia,Women,3,bronze,Olga Graf,30
2014,Ski Jumping,Men's Normal Hill Individual,Poland,Men,1,gold,Kamil Stoch,26
2014,Ski Jumping,Men's Normal Hill Individual,Slovenia,Men,2,silver,Peter Prevc,21
2014,Ski Jumping,Men's Normal Hill Individual,Norway,Men,3,bronze,Anders Bardal,31
2014,Luge,Men's Singles,Germany,Men,1,gold,Felix Loch,24
2014,Luge,Men's Singles,Russia,Men,2,silver,Albert Demchenko,42
2014,Luge,Men's Singles,Italy,Men,3,bronze,Armin Zoeggeler,40
2014,Figure Skating,Team,Russia,Mixed,1,gold,Russia,
2014,Figure Skating,Team,Canada,Mixed,2,silver,Canada,
2014,Figure Skating,Team,USA,Mixed,3,bronze,USA,
2014,Alpine Skiing,Women's Super Combined,Germany,Women,1,gold,Maria Hoefl-Riesch,29
2014,Alpine Skiing,Women's Super Combined,Austria,Women,2,silver,Nicole Hosp,30
2014,Alpine Skiing,Women's Super Combined,USA,Women,3,bronze,Julia Mancuso,29
2014,Biathlon,Men 12.5-Kilometer Pursuit,France,Men,1,gold,Martin Fourcade,25
2014,Biathlon,Men 12.5-Kilometer Pursuit,Czech Republic,Men,2,silver,Ondrej Moravec,29
2014,Biathlon,Men 12.5-Kilometer Pursuit,France,Men,3,bronze,Jean Guillaume Beatrix,25
2014,Short-Track Speedskating,"Men's 1,500 Meters",Canada,Men,1,gold,Charles Hamelin,29
2014,Short-Track Speedskating,"Men's 1,500 Meters",China,Men,2,silver,Tianyu Han,17
2014,Short-Track Speedskating,"Men's 1,500 Meters",Russia,Men,3,bronze,Victor An,28
2014,Speedskating,Men's 500 Meters,Netherlands,Men,1,gold,Michel Mulder,27
2014,Speedskating,Men's 500 Meters,Netherlands,Men,2,silver,Jan Smeekens,26
2014,Speedskating,Men's 500 Meters,Netherlands,Men,3,bronze,Ronald Mulder,27
2014,Freestyle Skiing,Men's Moguls,Canada,Men,1,gold,Alex Bilodeau,26
2014,Freestyle Skiing,Men's Moguls,Canada,Men,2,silver,Mikael Kingsbury,21
2014,Freestyle Skiing,Men's Moguls,Russia,Men,3,bronze,Alexandr Smyshlyaev,26
2014,Biathlon,Women's 10-Kilometer Pursuit,Belarus,Women,1,gold,Darya Domracheva,27
2014,Biathlon,Women's 10-Kilometer Pursuit,Norway,Women,2,silver,Tora Berger,32
2014,Biathlon,Women's 10-Kilometer Pursuit,Slovenia,Women,3,bronze,Teja Gregorin,33
2014,Cross-Country Skiing,Women's Sprint Free,Norway,Women,1,gold,Maiken Caspersen Falla,23
2014,Cross-Country Skiing,Women's Sprint Free,Norway,Women,2,silver,Ingvild Flugstad Oestberg,23
2014,Cross-Country Skiing,Women's Sprint Free,Slovenia,Women,3,bronze,Vesna Fabjan,28
2014,Cross-Country Skiing,Men's Sprint Free,Norway,Men,1,gold,Ola Vigen Hattestad,31
2014,Cross-Country Skiing,Men's Sprint Free,Sweden,Men,2,silver,Teodor Peterson,25
2014,Cross-Country Skiing,Men's Sprint Free,Sweden,Men,3,bronze,Emil Joensson,28
2014,Freestyle Skiing,Women's Ski Slopestyle,Canada,Women,1,gold,Dara Howell,19
2014,Freestyle Skiing,Women's Ski Slopestyle,USA,Women,2,silver,Devin Logan,20
2014,Freestyle Skiing,Women's Ski Slopestyle,Canada,Women,3,bronze,Kim Lamarre,25
2014,Luge,Women's Singles,Germany,Women,1,gold,Natalie Geisenberger,26
2014,Luge,Women's Singles,Germany,Women,2,silver,Tatjana Huefner,30
2014,Luge,Women's Singles,USA,Women,3,bronze,Erin Hamlin,27
2014,Ski Jumping,"Women's Normal Hill, Individual",Germany,Women,1,gold,Carina Vogt,22
2014,Ski Jumping,"Women's Normal Hill, Individual",Austria,Women,2,silver,Daniela Iraschko-Stolz,30
2014,Ski Jumping,"Women's Normal Hill, Individual",France,Women,3,bronze,Coline Mattel,18
2014,Snowboarding,Men's Halfpipe,Switzerland,Men,1,gold,Iouri Podladtchikov,25
2014,Snowboarding,Men's Halfpipe,Japan,Men,2,silver,Ayumu Hirano,15
2014,Snowboarding,Men's Halfpipe,Japan,Men,3,bronze,Taku Hiraoka,18
2014,Speedskating,Women's 500 Meters,South Korea,Women,1,gold,Sang Hwa Lee,24
2014,Speedskating,Women's 500 Meters,Russia,Women,2,silver,Olga Fatkulina,24
2014,Speedskating,Women's 500 Meters,Netherlands,Women,3,bronze,Margot Boer,28
2014,Alpine Skiing,Women's Downhill,Slovenia,Women,1,gold,Tina Maze,30
2014,Alpine Skiing,Women's Downhill,Switzerland,Women,1,gold,Dominique Gisin,28
2014,Alpine Skiing,Women's Downhill,Switzerland,Women,2,bronze,Lara Gut,22
2014,Figure Skating,Mixed Pairs,Russia,Mixed,1,gold,Russia,
2014,Figure Skating,Mixed Pairs,Russia,Mixed,2,silver,Russia,
2014,Figure Skating,Mixed Pairs,Germany,Mixed,3,bronze,Germany,
2014,Luge,Men's Doubles,Germany,Men,1,gold,Germany,
2014,Luge,Men's Doubles,Austria,Men,2,silver,Austria,
2014,Luge,Men's Doubles,Latvia,Men,3,bronze,Latvia,
2014,Nordic Combined,"Men's Normal Hill / 10 Kilometers, Individual",Germany,Men,1,gold,Eric Frenzel,25
2014,Nordic Combined,"Men's Normal Hill / 10 Kilometers, Individual",Japan,Men,2,silver,Akito Watabe,25
2014,Nordic Combined,"Men's Normal Hill / 10 Kilometers, Individual",Norway,Men,3,bronze,Magnus Krog,26
2014,Snowboarding,Women's Halfpipe,USA,Women,1,gold,Kaitlyn Farrington,24
2014,Snowboarding,Women's Halfpipe,Australia,Women,2,silver,Torah Bright,27
2014,Snowboarding,Women's Halfpipe,USA,Women,3,bronze,Kelly Clark,30
2014,Speedskating,"Men's 1,000 Meters",Netherlands,Men,1,gold,Stefan Groothuis,32
2014,Speedskating,"Men's 1,000 Meters",Canada,Men,2,silver,Denny Morrison,28
2014,Speedskating,"Men's 1,000 Meters",Netherlands,Men,3,bronze,Michel Mulder,27
2014,Biathlon,Men's 20 Kilometers,France,Men,1,gold,Martin Fourcade,25
2014,Biathlon,Men's 20 Kilometers,Germany,Men,2,silver,Erik Lesser,25
2014,Biathlon,Men's 20 Kilometers,Russia,Men,3,bronze,Evgeniy Garanichev,26
2014,Cross-Country Skiing,Women's 10 Kilometers,Poland,Women,1,gold,Justyna Kowalczyk,31
2014,Cross-Country Skiing,Women's 10 Kilometers,Sweden,Women,2,silver,Charlotte Kalla,26
2014,Cross-Country Skiing,Women's 10 Kilometers,Norway,Women,3,bronze,Therese Johaug,25
2014,Freestyle Skiing,Men's Ski Slopestyle,USA,Men,1,gold,Joss Christensen,22
2014,Freestyle Skiing,Men's Ski Slopestyle,USA,Men,2,silver,Gus Kenworthy,22
2014,Freestyle Skiing,Men's Ski Slopestyle,USA,Men,3,bronze,Nicholas Goepper,19
2014,Luge,Team Relay,Germany,Mixed,1,gold,Germany,
2014,Luge,Team Relay,Russia,Mixed,2,silver,Russia,
2014,Luge,Team Relay,Latvia,Mixed,3,bronze,Latvia,
2014,Short-Track Speedskating,Women's 500 Meters,China,Women,1,gold,Jianrou Li,27
2014,Short-Track Speedskating,Women's 500 Meters,Italy,Women,2,silver,Arianna Fontana,23
2014,Short-Track Speedskating,Women's 500 Meters,South Korea,Women,3,bronze,Seung-Hi Park,21
2014,Speedskating,"Women's 1,000 Meters",China,Women,1,gold,Hong Zhang,25
2014,Speedskating,"Women's 1,000 Meters",Netherlands,Women,2,silver,Ireen Wust,27
2014,Speedskating,"Women's 1,000 Meters",Netherlands,Women,3,bronze,Margot Boer,28
2014,Alpine Skiing,Men's Super Combined,Switzerland,Men,1,gold,Sandro Viletta,28
2014,Alpine Skiing,Men's Super Combined,Croatia,Men,2,silver,Ivica Kostelic,34
2014,Alpine Skiing,Men's Super Combined,Italy,Men,3,bronze,Christof Innerhofer,29
2014,Biathlon,"Women's 15 Kilometer, Individual",Belarus,Women,1,gold,Darya Domracheva,27
2014,Biathlon,"Women's 15 Kilometer, Individual",Switzerland,Women,2,silver,Selina Gasparin,29
2014,Biathlon,"Women's 15 Kilometer, Individual",Belarus,Women,3,bronze,Nadezhda Skardino,28
2014,Cross-Country Skiing,Men's 15-Kilometer Classic,Switzerland,Men,1,gold,Dario Cologna,27
2014,Cross-Country Skiing,Men's 15-Kilometer Classic,Sweden,Men,2,silver,Johan Olsson,33
2014,Cross-Country Skiing,Men's 15-Kilometer Classic,Sweden,Men,3,bronze,Daniel Richardsson,31
2014,Skeleton,Women's Skeleton,Britain,Women,1,gold,Elizabeth Yarnold,25
2014,Skeleton,Women's Skeleton,USA,Women,2,silver,Noelle Pikus-Pace,31
2014,Skeleton,Women's Skeleton,Russia,Women,3,bronze,Elena Nikitina,21
2014,Figure Skating,Men's Singles,Japan,Men,1,gold,Yuzuru Hanyu,19
2014,Figure Skating,Men's Singles,Canada,Men,2,silver,Patrick Chan,23
2014,Figure Skating,Men's Singles,Kazakhstan,Men,3,bronze,Denis Ten,20
2014,Freestyle Skiing,Women's Aerials,Belarus,Women,1,gold,Alla Tsuper,34
2014,Freestyle Skiing,Women's Aerials,China,Women,2,silver,Mengtao Xu,23
2014,Freestyle Skiing,Women's Aerials,Australia,Women,3,bronze,Lydia Lassila,32
2014,Alpine Skiing,Women's Super G,Austria,Women,1,gold,Anna Fenninger,24
2014,Alpine Skiing,Women's Super G,Germany,Women,2,silver,Maria Hoefl-Riesch,29
2014,Alpine Skiing,Women's Super G,Austria,Women,3,bronze,Nicole Hosp,30
2014,Cross-Country Skiing,Women's 4 x 5-Kilometer Relay,Sweden,Women,1,gold,Sweden,
2014,Cross-Country Skiing,Women's 4 x 5-Kilometer Relay,Finland,Women,2,silver,Finland,
2014,Cross-Country Skiing,Women's 4 x 5-Kilometer Relay,Germany,Women,3,bronze,Germany,
2014,Short-Track Speedskating,"Women's 1,500 Meters",China,Women,1,gold,Yang Zhou,22
2014,Short-Track Speedskating,"Women's 1,500 Meters",South Korea,Women,2,silver,Suk Hee Shim,17
2014,Short-Track Speedskating,"Women's 1,500 Meters",Italy,Women,3,bronze,Arianna Fontana,23
2014,Short-Track Speedskating,"Men's 1,000 Meters",Russia,Men,1,gold,Victor An,28
2014,Short-Track Speedskating,"Men's 1,000 Meters",Russia,Men,2,silver,Vladimir Grigorev,31
2014,Short-Track Speedskating,"Men's 1,000 Meters",Netherlands,Men,3,bronze,Sjinkie Knegt,24
2014,Skeleton,Men's Skeleton,Russia,Men,1,gold,Alexander Tretiakov,28
2014,Skeleton,Men's Skeleton,Latvia,Men,2,silver,Martins Dukurs,29
2014,Skeleton,Men's Skeleton,USA,Men,3,bronze,Matthew Antoine,28
2014,Ski Jumping,"Men's Large Hill, Individual",Poland,Men,1,gold,Kamil Stoch,26
2014,Ski Jumping,"Men's Large Hill, Individual",Japan,Men,2,silver,Noriaki Kasai,41
2014,Ski Jumping,"Men's Large Hill, Individual",Slovenia,Men,3,bronze,Peter Prevc,21
2014,Speedskating,"Men's 1,500 Meters",Poland,Men,1,gold,Zbigniew Brodka,29
2014,Speedskating,"Men's 1,500 Meters",Netherlands,Men,2,silver,Koen Verweij,23
2014,Speedskating,"Men's 1,500 Meters",Canada,Men,3,bronze,Denny Morrison,28
2014,Alpine Skiing,Men's Super G,Norway,Men,1,gold,Kjetil Jansrud,28
2014,Alpine Skiing,Men's Super G,USA,Men,2,silver,Andrew Weibrecht,28
2014,Alpine Skiing,Men's Super G,Canada,Men,3,bronze,Jan Hudec,32
2014,Alpine Skiing,Men's Super G,USA,Men,3,bronze,Bode Miller,36
2014,Cross-Country Skiing,Men’s 4x10-Kilometer Relay,Sweden,Men,1,gold,Sweden,
2014,Cross-Country Skiing,Men’s 4x10-Kilometer Relay,Russia,Men,2,silver,Russia,
2014,Cross-Country Skiing,Men’s 4x10-Kilometer Relay,France,Men,3,bronze,France,
2014,Snowboarding,Women's Boardercross,Czech Republic,Women,1,gold,Eva Samkova,20
2014,Snowboarding,Women's Boardercross,Canada,Women,2,silver,Dominique Maltais,33
2014,Snowboarding,Women's Boardercross,France,Women,3,bronze,Chloe Trespeuch,19
2014,Speedskating,"Women's 1,500 Meters",Netherlands,Women,1,gold,Jorien Ter Mors,24
2014,Speedskating,"Women's 1,500 Meters",Netherlands,Women,2,silver,Ireen Wust,27
2014,Speedskating,"Women's 1,500 Meters",Netherlands,Women,3,bronze,Lotte Van Beek,22
2014,Biathlon,Women 12.5 km Mass Start,Belarus,Women,1,gold,Darya Domracheva,27
2014,Biathlon,Women 12.5 km Mass Start,Czech Republic,Women,2,silver,Gabriela Soukalova,24
2014,Biathlon,Women 12.5 km Mass Start,Norway,Women,3,bronze,Tiril Eckhoff,23
2014,Bobsled,Men's Two,Russia,Men,1,gold,Russia,
2014,Bobsled,Men's Two,Switzerland,Men,2,silver,Switzerland,
2014,Bobsled,Men's Two,USA,Men,3,bronze,USA,
2014,Figure Skating,Ice Dance,USA,Mixed,1,gold,USA,
2014,Figure Skating,Ice Dance,Canada,Mixed,2,silver,Canada,
2014,Figure Skating,Ice Dance,Russia,Mixed,3,bronze,Russia,
2014,Freestyle Skiing,Men's Aerials,Belarus,Men,1,gold,Anton Kushnir,29
2014,Freestyle Skiing,Men's Aerials,Australia,Men,2,silver,David Morris,29
2014,Freestyle Skiing,Men's Aerials,China,Men,3,bronze,Zongyang Jia,22
2014,Ski Jumping,Men's Team,Germany,Men,1,gold,Germany,
2014,Ski Jumping,Men's Team,Austria,Men,2,silver,Austria,
2014,Ski Jumping,Men's Team,Japan,Men,3,bronze,Japan,
2014,Alpine Skiing,Women's Giant Slalom,Slovenia,Women,1,gold,Tina Maze,30
2014,Alpine Skiing,Women's Giant Slalom,Austria,Women,2,silver,Anna Fenninger,24
2014,Alpine Skiing,Women's Giant Slalom,Germany,Women,3,bronze,Viktoria Rebensburg,24
2014,Biathlon,Men's 15-Kilometer Mass Start,Norway,Men,1,gold,Emil Hegle Svendsen,28
2014,Biathlon,Men's 15-Kilometer Mass Start,France,Men,2,silver,Martin Fourcade,25
2014,Biathlon,Men's 15-Kilometer Mass Start,Czech Republic,Men,3,bronze,Ondrej Moravec,29
2014,Freestyle Skiing,Men's Ski Halfpipe,USA,Men,1,gold,David Wise,23
2014,Freestyle Skiing,Men's Ski Halfpipe,Canada,Men,2,silver,Mike Riddle,27
2014,Freestyle Skiing,Men's Ski Halfpipe,France,Men,3,bronze,Kevin Rolland,24
2014,Nordic Combined,"Men's Large Hill / 10 Kilometers, Individual",Norway,Men,1,gold,Joergen Graabak,22
2014,Nordic Combined,"Men's Large Hill / 10 Kilometers, Individual",Norway,Men,2,silver,Magnus Hovdal Moan,30
2014,Nordic Combined,"Men's Large Hill / 10 Kilometers, Individual",Germany,Men,3,bronze,Fabian Riessle,23
2014,Short-Track Speedskating,"Women's 3,000-Meter Relay",South Korea,Women,1,gold,South Korea,
2014,Short-Track Speedskating,"Women's 3,000-Meter Relay",Canada,Women,2,silver,Canada,
2014,Short-Track Speedskating,"Women's 3,000-Meter Relay",Italy,Women,3,bronze,Italy,
2014,Snowboarding,Men's Boardercross,France,Men,1,gold,Pierre Vaultier,26
2014,Snowboarding,Men's Boardercross,Russia,Men,2,silver,Nikolay Olyunin,22
2014,Snowboarding,Men's Boardercross,USA,Men,3,bronze,Alex Deibold,27
2014,Speedskating,"Men's 10,000 Meters",Netherlands,Men,1,gold,Jorrit Bergsma,28
2014,Speedskating,"Men's 10,000 Meters",Netherlands,Men,2,silver,Sven Kramer,27
2014,Speedskating,"Men's 10,000 Meters",Netherlands,Men,3,bronze,Bob De Jong,37
2014,Alpine Skiing,Men's Giant Slalom,USA,Men,1,gold,Ted Ligety,29
2014,Alpine Skiing,Men's Giant Slalom,France,Men,2,silver,Steve Missillier,29
2014,Alpine Skiing,Men's Giant Slalom,France,Men,3,bronze,Alexis Pinturault,22
2014,Biathlon,Mixed 2 x 6 + 2 x 7.5-Kilometer Relay,Norway,Mixed,1,gold,Norway,
2014,Biathlon,Mixed 2 x 6 + 2 x 7.5-Kilometer Relay,Czech Republic,Mixed,2,silver,Czech Republic,
2014,Biathlon,Mixed 2 x 6 + 2 x 7.5-Kilometer Relay,Italy,Mixed,3,bronze,Italy,
2014,Bobsled,Women's Two,Canada,Women,1,gold,Canada,
2014,Bobsled,Women's Two,USA,Women,2,silver,USA,
2014,Bobsled,Women's Two,USA,Women,3,bronze,USA,
2014,Cross-Country Skiing,Women's Team Sprint,Norway,Women,1,gold,Norway,
2014,Cross-Country Skiing,Women's Team Sprint,Finland,Women,2,silver,Finland,
2014,Cross-Country Skiing,Women's Team Sprint,Sweden,Women,3,bronze,Sweden,
2014,Cross-Country Skiing,Men's Team Sprint,Finland,Men,1,gold,Finland,
2014,Cross-Country Skiing,Men's Team Sprint,Russia,Men,2,silver,Russia,
2014,Cross-Country Skiing,Men's Team Sprint,Sweden,Men,3,bronze,Sweden,
2014,Snowboarding,Women's Parallel Giant Slalom,Switzerland,Women,1,gold,Patrizia Kummer,26
2014,Snowboarding,Women's Parallel Giant Slalom,Japan,Women,2,silver,Tomoka Takeuchi,30
2014,Snowboarding,Women's Parallel Giant Slalom,Russia,Women,3,bronze,Alena Zavarzina,24
2014,Snowboarding,Men's Parallel Giant Slalom,Russia,Men,1,gold,Vic Wild,27
2014,Snowboarding,Men's Parallel Giant Slalom,Switzerland,Men,2,silver,Nevin Galmarini,27
2014,Snowboarding,Men's Parallel Giant Slalom,Slovenia,Men,3,bronze,Zan Kosir,29
2014,Speedskating,"Women's 5,000 Meters",Czech Republic,Women,1,gold,Martina Sablikova,26
2014,Speedskating,"Women's 5,000 Meters",Netherlands,Women,2,silver,Ireen Wust,27
2014,Speedskating,"Women's 5,000 Meters",Netherlands,Women,3,bronze,Carien Kleibeuker,35
2014,Curling,Women's Curling,Canada,Women,1,gold,Canada,
2014,Curling,Women's Curling,Sweden,Women,2,silver,Sweden,
2014,Curling,Women's Curling,Britain,Women,3,bronze,Britain,
2014,Figure Skating,Women's Singles,Russia,Women,1,gold,Adelina Sotnikova,17
2014,Figure Skating,Women's Singles,South Korea,Women,2,silver,Yuna Kim,23
2014,Figure Skating,Women's Singles,Italy,Women,3,bronze,Carolina Kostner,27
2014,Freestyle Skiing,Men's Ski Cross,France,Men,1,gold,Jean Frederic Chapuis,24
2014,Freestyle Skiing,Men's Ski Cross,France,Men,2,silver,Arnaud Bovolenta,25
2014,Freestyle Skiing,Men's Ski Cross,France,Men,3,bronze,Jonathan Midol,26
2014,Freestyle Skiing,Women's Ski Halfpipe,USA,Women,1,gold,Maddie Bowman,20
2014,Freestyle Skiing,Women's Ski Halfpipe,France,Women,2,silver,Marie Martinod,29
2014,Freestyle Skiing,Women's Ski Halfpipe,Japan,Women,3,bronze,Ayana Onozuka,25
2014,Ice Hockey,Women's Ice Hockey,Canada,Women,1,gold,Canada,
2014,Ice Hockey,Women's Ice Hockey,USA,Women,2,silver,USA,
2014,Ice Hockey,Women's Ice Hockey,Switzerland,Women,3,bronze,Switzerland,
2014,Nordic Combined,Men's Team,Norway,Men,1,gold,Norway,
2014,Nordic Combined,Men's Team,Germany,Men,2,silver,Germany,
2014,Nordic Combined,Men's Team,Austria,Men,3,bronze,Austria,
2014,Alpine Skiing,Women's Slalom,USA,Women,1,gold,Mikaela Shiffrin,18
2014,Alpine Skiing,Women's Slalom,Austria,Women,2,silver,Marlies Schild,32
2014,Alpine Skiing,Women's Slalom,Austria,Women,3,bronze,Kathrin Zettel,27
2014,Biathlon,Women's 4 x 6-Kilometer Relay,Ukraine,Women,1,gold,Ukraine,
2014,Biathlon,Women's 4 x 6-Kilometer Relay,Russia,Women,2,silver,Russia,
2014,Biathlon,Women's 4 x 6-Kilometer Relay,Norway,Women,3,bronze,Norway,
2014,Curling,Men's Curling,Canada,Men,1,gold,Canada,
2014,Curling,Men's Curling,Britain,Men,2,silver,Britain,
2014,Curling,Men's Curling,Sweden,Men,3,bronze,Sweden,
2014,Freestyle Skiing,Women's Ski Cross,Canada,Women,1,gold,Marielle Thompson,21
2014,Freestyle Skiing,Women's Ski Cross,Canada,Women,2,silver,Kelsey Serwa,24
2014,Freestyle Skiing,Women's Ski Cross,Sweden,Women,3,bronze,Anna Holmlund,26
2014,Short-Track Speedskating,"Women's 1,000 Meters",South Korea,Women,1,gold,Seung-Hi Park,21
2014,Short-Track Speedskating,"Women's 1,000 Meters",China,Women,2,silver,Kexin Fan,20
2014,Short-Track Speedskating,"Women's 1,000 Meters",South Korea,Women,3,bronze,Suk Hee Shim,17
2014,Short-Track Speedskating,Men's 500 Meters,Russia,Men,1,gold,Victor An,28
2014,Short-Track Speedskating,Men's 500 Meters,China,Men,2,silver,Dajing Wu,19
2014,Short-Track Speedskating,Men's 500 Meters,Canada,Men,3,bronze,Charle Cournoyer,22
2014,Short-Track Speedskating,"Men's 5,000-Meter Relay",Russia,Men,1,gold,Russia,
2014,Short-Track Speedskating,"Men's 5,000-Meter Relay",USA,Men,2,silver,USA,
2014,Short-Track Speedskating,"Men's 5,000-Meter Relay",China,Men,3,bronze,China,
2014,Alpine Skiing,Men's Slalom,Austria,Men,1,gold,Mario Matt,34
2014,Alpine Skiing,Men's Slalom,Austria,Men,2,silver,Marcel Hirscher,24
2014,Alpine Skiing,Men's Slalom,Norway,Men,3,bronze,Henrik Kristoffersen,19
2014,Biathlon,Men 4 x 7.5-Kilometer Relay,Russia,Men,1,gold,Russia,
2014,Biathlon,Men 4 x 7.5-Kilometer Relay,Germany,Men,2,silver,Germany,
2014,Biathlon,Men 4 x 7.5-Kilometer Relay,Austria,Men,3,bronze,Austria,
2014,Cross-Country Skiing,Women's 30 Kilometers,Norway,Women,1,gold,Marit Bjoergen,33
2014,Cross-Country Skiing,Women's 30 Kilometers,Norway,Women,2,silver,Therese Johaug,25
2014,Cross-Country Skiing,Women's 30 Kilometers,Norway,Women,3,bronze,Kristin Stoermer Steira,32
2014,Ice Hockey,Men's Ice Hockey,Finland,Men,3,bronze,Finland,
2014,Snowboarding,Women's Parallel Slalom,Austria,Women,1,gold,Julia Dujmovits,26
2014,Snowboarding,Women's Parallel Slalom,Germany,Women,2,silver,Anke Karstens,28
2014,Snowboarding,Women's Parallel Slalom,Germany,Women,3,bronze,Amelie Kober,26
2014,Snowboarding,Men's Parallel Slalom,Russia,Men,1,gold,Vic Wild,27
2014,Snowboarding,Men's Parallel Slalom,Slovenia,Men,2,silver,Zan Kosir,29
2014,Snowboarding,Men's Parallel Slalom,Austria,Men,3,bronze,Benjamin Karl,28
2014,Speedskating,Women's Team Pursuit,Netherlands,Women,1,gold,Netherlands,
2014,Speedskating,Women's Team Pursuit,Poland,Women,2,silver,Poland,
2014,Speedskating,Women's Team Pursuit,Russia,Women,3,bronze,Russia,
2014,Speedskating,Men's Team Pursuit,Netherlands,Men,1,gold,Netherlands,
2014,Speedskating,Men's Team Pursuit,South Korea,Men,2,silver,South Korea,
2014,Speedskating,Men's Team Pursuit,Poland,Men,3,bronze,Poland,
2014,Bobsled,Men's Four,Russia,Men,1,gold,Russia,
2014,Bobsled,Men's Four,Latvia,Men,2,silver,Latvia,
2014,Bobsled,Men's Four,USA,Men,3,bronze,USA,
2014,Cross-Country Skiing,Men's 50 Kilometers,Russia,Men,1,gold,Alexander Legkov,30
2014,Cross-Country Skiing,Men's 50 Kilometers,Russia,Men,2,silver,Maxim Vylegzhanin,31
2014,Cross-Country Skiing,Men's 50 Kilometers,Russia,Men,3,bronze,Ilia Chernousov,27
2014,Ice Hockey,Men's Ice Hockey,Canada,Men,1,gold,Canada,
2014,Ice Hockey,Men's Ice Hockey,Sweden,Men,2,silver,Sweden,
